UTC time,Latitude,Longitude,Fix Quality,Number of Satellites,HDOP,Altitude
021351.000,4458.622300000001,9311.0652,1.0,8.0,0.9600000000000002,283.80000000000007
021352.000,4458.6224,9311.0656,1.0,8.0,0.9600000000000001,283.8
021353.000,4458.6224,9311.065799999998,1.0,8.0,0.96,283.8
021354.000,4458.622199999999,9311.066399999998,1.0,8.0,0.96,283.8
021355.000,4458.6222,9311.0668,1.0,9.0,0.9099999999999999,283.8
021356.000,4458.6223,9311.0671,1.0,9.0,0.9099999999999999,283.8
021357.000,4458.6222,9311.0674,1.0,9.0,0.91,283.8
021358.000,4458.6222,9311.068,1.0,9.0,0.91,283.8
021359.000,4458.6221,9311.0683,1.0,9.0,0.91,283.8
021400.000,4458.622,9311.0688,1.0,9.0,0.91,283.8
021401.000,4458.6217,9311.0691,1.0,9.0,0.91,283.8
021402.000,4458.6215,9311.0692,1.0,9.0,0.91,283.8
021403.000,4458.6213,9311.0697,1.0,9.0,0.91,283.8
021404.000,4458.621,9311.07,1.0,9.0,0.91,283.8
021405.000,4458.621,9311.0703,1.0,9.0,0.91,283.8
021406.000,4458.6209,9311.0704,1.0,9.0,0.91,283.8
021407.000,4458.6206,9311.0706,1.0,9.0,0.91,283.8
021408.000,4458.6202,9311.0707,1.0,9.0,0.91,283.8
021409.000,4458.6199,9311.0708,1.0,9.0,0.91,283.8
021410.000,4458.6197,9311.0709,1.0,9.0,0.91,283.8
021417.000,4458.6195,9311.071599999997,1.0,9.0,0.91,283.8
021418.000,4458.6195,9311.0717,1.0,9.0,0.91,283.8
021419.000,4458.619399999998,9311.071800000002,1.0,8.0,0.91,283.80000000000007
021420.000,4458.6194,9311.0719,1.0,8.0,0.91,283.8
021421.000,4458.6194,9311.072,1.0,8.0,0.9099999999999999,283.8
021422.000,4458.6194,9311.0721,1.0,8.0,0.91,283.8
021423.000,4458.6194,9311.0721,1.0,8.0,0.91,283.8
021424.000,4458.619299999999,9311.072199999999,1.0,8.0,0.91,283.80000000000007
021425.000,4458.6193,9311.0722,1.0,9.0,0.91,283.8
021426.000,4458.6193,9311.0722,1.0,9.0,0.91,283.8
021427.000,4458.6193,9311.0722,1.0,9.0,0.91,283.8
021428.000,4458.6193,9311.0722,1.0,9.0,0.91,283.8
021429.000,4458.6193,9311.0722,1.0,9.0,0.91,283.9
021430.000,4458.6193,9311.0721,1.0,8.0,1.03,283.9
021431.000,4458.6193,9311.0721,1.0,8.0,1.03,283.9
021432.000,4458.6193,9311.0721,1.0,9.0,0.91,283.9
021433.000,4458.6193,9311.0721,1.0,9.0,0.91,283.9
021434.000,4458.6193,9311.0721,1.0,9.0,0.91,283.9
021435.000,4458.6193,9311.0721,1.0,9.0,0.91,283.9
021436.000,4458.6192,9311.0721,1.0,9.0,0.9099999999999999,283.90000000000003
021443.000,4458.6191,9311.0719,1.0,7.0,1.11,283.90000000000003
021444.000,4458.6191,9311.0719,1.0,7.0,1.11,283.90000000000003
021445.000,4458.6191,9311.0718,1.0,7.0,1.11,283.90000000000003
021446.000,4458.6191,9311.0718,1.0,7.0,1.11,283.9
021447.000,4458.619,9311.0717,1.0,7.0,1.11,283.9
021448.000,4458.619,9311.0716,1.0,7.0,1.11,283.9
021449.000,4458.619,9311.0715,1.0,7.0,1.11,283.9
021450.000,4458.6189,9311.0714,1.0,7.0,1.11,283.9
021451.000,4458.6189,9311.0713,1.0,7.0,1.11,283.9
021452.000,4458.6189,9311.0712,1.0,7.0,1.11,283.9
021453.000,4458.6188,9311.0712,1.0,7.0,1.11,283.9
021454.000,4458.6188,9311.0711,1.0,7.0,1.11,283.9
021455.000,4458.6188,9311.0711,1.0,7.0,1.11,283.9
021456.000,4458.6187,9311.070999999998,1.0,7.0,1.1099999999999999,283.90000000000003
021457.000,4458.6187,9311.071,1.0,7.0,1.11,283.9
021458.000,4458.6186,9311.0709,1.0,7.0,1.11,283.9
021459.000,4458.6186,9311.0709,1.0,7.0,1.11,283.9
021500.000,4458.6186,9311.0709,1.0,7.0,1.11,283.9
021501.000,4458.6186,9311.0708,1.0,7.0,1.11,283.9
021508.000,4458.6182,9311.069300000001,1.0,7.0,1.11,283.90000000000003
021509.000,4458.6181,9311.068700000002,1.0,7.0,1.11,283.90000000000003
021510.000,4458.6181,9311.068100000002,1.0,7.0,1.11,283.90000000000003
021511.000,4458.618,9311.0677,1.0,7.0,1.11,283.9
021512.000,4458.6178,9311.0675,1.0,7.0,1.11,283.9
021513.000,4458.6177,9311.0671,1.0,7.0,1.11,283.9
021514.000,4458.6176,9311.067,1.0,7.0,1.11,283.9
021515.000,4458.6173,9311.067,1.0,7.0,1.11,283.9
021516.000,4458.6169,9311.0672,1.0,7.0,1.11,283.9
021517.000,4458.6167,9311.0674,1.0,7.0,1.11,283.9
021518.000,4458.6166,9311.0673,1.0,7.0,1.11,283.9
021519.000,4458.6166,9311.0672,1.0,7.0,1.11,283.9
021520.000,4458.6165,9311.0671,1.0,7.0,1.11,283.9
021621.000,4458.6189,9311.065700000001,1.0,7.0,1.0999999999999999,284.09999999999997
021622.000,4458.618600000001,9311.065499999999,1.0,7.0,1.0999999999999999,284.09999999999997
021623.000,4458.618300000001,9311.0656,1.0,8.0,0.9900000000000001,284.0
021624.000,4458.6181,9311.065799999998,1.0,8.0,0.9900000000000001,284.0
021625.000,4458.6181,9311.0655,1.0,8.0,0.99,283.9
021626.000,4458.6182,9311.0653,1.0,8.0,0.99,283.9
021627.000,4458.618,9311.0653,1.0,8.0,0.99,283.9
021628.000,4458.6175,9311.0652,1.0,8.0,0.99,283.9
021629.000,4458.6173,9311.065,1.0,8.0,0.9899999999999999,283.9
021630.000,4458.6173,9311.0646,1.0,8.0,0.9899999999999999,283.9
021631.000,4458.617299999999,9311.064199999999,1.0,8.0,0.9900000000000001,283.90000000000003
021632.000,4458.6174,9311.0637,1.0,8.0,0.99,283.9
021633.000,4458.617,9311.0635,1.0,7.0,1.07,283.9
021634.000,4458.6171,9311.0633,1.0,8.0,0.99,283.9
021635.000,4458.6172,9311.0628,1.0,8.0,0.99,283.9
021636.000,4458.6169,9311.0631,1.0,8.0,0.99,283.9
021637.000,4458.6166,9311.0633,1.0,8.0,0.99,283.9
021638.000,4458.6165,9311.0632,1.0,8.0,0.99,283.9
021639.000,4458.6167,9311.0631,1.0,8.0,0.99,283.9
021647.000,4458.617299999999,9311.0623,1.0,8.0,0.9900000000000001,283.90000000000003
021648.000,4458.6174,9311.0622,1.0,8.0,0.9899999999999999,283.9
021649.000,4458.6174,9311.062099999997,1.0,8.0,0.9900000000000001,283.90000000000003
021650.000,4458.6175,9311.062,1.0,8.0,0.99,283.9
021651.000,4458.6175,9311.0619,1.0,8.0,0.99,283.9
021652.000,4458.6175,9311.0618,1.0,8.0,0.99,283.9
021653.000,4458.6176,9311.0618,1.0,7.0,1.07,283.9
021654.000,4458.6176,9311.0617,1.0,8.0,0.99,283.9
021655.000,4458.6176,9311.0616,1.0,8.0,0.9899999999999999,283.9
021656.000,4458.6176,9311.0615,1.0,8.0,0.9899999999999999,283.9
021657.000,4458.6177,9311.0614,1.0,8.0,0.9899999999999999,283.9
021658.000,4458.6177,9311.0614,1.0,8.0,0.99,283.9
021659.000,4458.6178,9311.0614,1.0,8.0,0.99,283.9
021700.000,4458.6178,9311.0613,1.0,8.0,0.99,283.9
021701.000,4458.6179,9311.0613,1.0,8.0,0.99,283.9
021702.000,4458.6179,9311.0613,1.0,8.0,0.99,283.9
021703.000,4458.6179,9311.0613,1.0,8.0,0.99,283.9
021704.000,4458.618,9311.0613,1.0,8.0,0.99,283.9
021705.000,4458.618,9311.0613,1.0,8.0,0.99,283.9
021706.000,4458.618,9311.0612,1.0,8.0,0.99,283.9
021713.000,4458.6181,9311.0612,1.0,8.0,0.99,283.9
021714.000,4458.6181,9311.0612,1.0,7.0,1.07,283.9
021715.000,4458.618099999997,9311.061199999998,1.0,8.0,0.9899999999999995,283.89999999999986
021716.000,4458.618,9311.0612,1.0,8.0,0.99,283.9
021717.000,4458.618000000001,9311.0611,1.0,7.0,1.75,283.9
021718.000,4458.618,9311.0611,1.0,7.0,1.75,283.9
021719.000,4458.618,9311.0611,1.0,8.0,0.99,283.9
021720.000,4458.618,9311.061,1.0,8.0,0.9899999999999999,283.9
021721.000,4458.618,9311.061,1.0,8.0,0.9899999999999999,283.9
021722.000,4458.6179,9311.061,1.0,7.0,1.07,283.9
021723.000,4458.6179,9311.0609,1.0,7.0,1.07,283.9
021724.000,4458.6179,9311.0609,1.0,7.0,1.07,283.9
021725.000,4458.6178,9311.0608,1.0,7.0,1.07,283.9
021726.000,4458.6178,9311.060800000003,1.0,8.0,0.9900000000000001,283.90000000000003
021727.000,4458.6177,9311.0608,1.0,8.0,0.99,283.9
021728.000,4458.6177,9311.0608,1.0,8.0,0.99,283.9
021729.000,4458.6178,9311.0608,1.0,8.0,1.0,283.9
021730.000,4458.6178,9311.0608,1.0,8.0,1.0,283.9
021731.000,4458.6178,9311.060800000001,1.0,8.0,1.0,283.90000000000003
021738.000,4458.618300000001,9311.060499999998,1.0,7.0,1.75,283.90000000000003
021739.000,4458.6184,9311.0605,1.0,7.0,1.75,283.90000000000003
021740.000,4458.618600000001,9311.0604,1.0,7.0,2.22,283.90000000000003
021741.000,4458.618600000001,9311.0604,1.0,7.0,1.75,283.90000000000003
021742.000,4458.6187,9311.0604,1.0,7.0,2.22,283.9
021743.000,4458.618799999998,9311.0603,1.0,7.0,2.2199999999999998,283.90000000000003
021744.000,4458.6189,9311.0603,1.0,7.0,1.75,283.9
021745.000,4458.6189,9311.0603,1.0,7.0,1.75,283.9
021746.000,4458.619,9311.0602,1.0,7.0,1.75,283.9
021747.000,4458.619,9311.0602,1.0,7.0,1.75,283.9
021748.000,4458.619,9311.0601,1.0,7.0,1.75,283.9
021749.000,4458.619,9311.0601,1.0,7.0,1.75,283.9
021750.000,4458.619,9311.06,1.0,7.0,1.75,283.9
021751.000,4458.619,9311.0599,1.0,7.0,1.75,283.9
021752.000,4458.619,9311.0598,1.0,7.0,1.75,283.9
021753.000,4458.619,9311.0598,1.0,7.0,1.75,283.9
021754.000,4458.6191,9311.0597,1.0,7.0,1.75,283.9
021755.000,4458.6191,9311.0596,1.0,7.0,1.75,283.9
021756.000,4458.6192,9311.0595,1.0,7.0,1.75,283.9
021757.000,4458.6192,9311.0595,1.0,7.0,1.75,283.9
021805.000,4458.619299999999,9311.058600000002,1.0,7.0,1.75,283.90000000000003
021806.000,4458.6194,9311.0585,1.0,7.0,1.75,283.90000000000003
021807.000,4458.6194,9311.0584,1.0,7.0,1.75,283.90000000000003
021808.000,4458.6195,9311.0582,1.0,7.0,1.75,283.9
021809.000,4458.6195,9311.0581,1.0,7.0,1.75,283.9
021810.000,4458.6196,9311.0579,1.0,7.0,1.75,283.9
021811.000,4458.619599999999,9311.057799999999,1.0,7.0,1.75,283.90000000000003
021812.000,4458.6197,9311.0577,1.0,7.0,1.75,283.9
021813.000,4458.6198,9311.0576,1.0,7.0,1.75,283.9
021814.000,4458.619899999999,9311.057499999999,1.0,7.0,1.75,283.90000000000003
021815.000,4458.6199,9311.0574,1.0,7.0,1.75,283.9
021816.000,4458.62,9311.0572,1.0,7.0,1.75,283.9
021817.000,4458.6201,9311.0571,1.0,7.0,1.75,283.9
021818.000,4458.620199999999,9311.057,1.0,7.0,1.75,283.90000000000003
021819.000,4458.6203,9311.0568,1.0,7.0,1.75,283.9
021820.000,4458.6203,9311.0567,1.0,7.0,1.75,283.9
021821.000,4458.6204,9311.0567,1.0,7.0,1.75,283.9
021822.000,4458.6205,9311.0566,1.0,7.0,1.75,283.9
021823.000,4458.6205,9311.0565,1.0,7.0,1.75,283.9
021831.000,4458.621,9311.056299999998,1.0,7.0,1.75,283.90000000000003
021832.000,4458.6211,9311.0562,1.0,7.0,1.75,283.90000000000003
021833.000,4458.621199999999,9311.056000000002,1.0,7.0,1.75,283.8999999999999
021834.000,4458.6215,9311.0558,1.0,7.0,1.75,283.9
021835.000,4458.6218,9311.0557,1.0,7.0,1.75,283.9
021836.000,4458.6222,9311.0558,1.0,7.0,1.75,283.9
021837.000,4458.622600000001,9311.056500000002,1.0,7.0,1.75,283.9
021838.000,4458.6229,9311.057,1.0,7.0,2.22,283.9
021839.000,4458.6233,9311.0574,1.0,7.0,2.22,283.9
021840.000,4458.6239,9311.057700000001,1.0,7.0,2.2199999999999998,283.90000000000003
021841.000,4458.6245,9311.0578,1.0,7.0,2.22,283.8
021842.000,4458.6251,9311.0583,1.0,7.0,2.22,283.8
021843.000,4458.6259,9311.0589,1.0,7.0,2.22,283.8
021844.000,4458.6266,9311.0594,1.0,7.0,2.22,283.8
021845.000,4458.6268,9311.0596,1.0,7.0,2.22,283.8
021846.000,4458.6271,9311.0598,1.0,7.0,2.22,283.8
021847.000,4458.6274,9311.0601,1.0,7.0,2.22,283.8
021848.000,4458.6277,9311.0605,1.0,7.0,2.22,283.7
021849.000,4458.628,9311.061,1.0,7.0,2.22,283.7
021857.000,4458.6293,9311.064100000001,1.0,8.0,1.18,283.09999999999997
021858.000,4458.6293,9311.0643,1.0,8.0,1.18,283.0
021859.000,4458.6291,9311.0642,1.0,8.0,1.18,282.9
021900.000,4458.6283,9311.0646,1.0,8.0,1.18,282.9
021901.000,4458.6275,9311.0649,1.0,8.0,1.18,282.8
021902.000,4458.6269,9311.0649,1.0,8.0,1.18,282.8
021903.000,4458.6262,9311.0649,1.0,8.0,1.18,282.8
021904.000,4458.6256,9311.065,1.0,8.0,1.18,282.8
021905.000,4458.6256,9311.0649,1.0,8.0,1.18,282.8
021906.000,4458.6256,9311.064799999996,1.0,7.0,1.75,282.80000000000007
021907.000,4458.6256,9311.0647,1.0,7.0,1.75,282.7
021908.000,4458.6256,9311.0646,1.0,7.0,1.75,282.7
021909.000,4458.6256,9311.0645,1.0,7.0,1.75,282.7
021910.000,4458.625500000001,9311.064400000001,1.0,7.0,1.75,282.7
021911.000,4458.6254,9311.0644,1.0,7.0,1.75,282.7
021912.000,4458.6254,9311.0644,1.0,7.0,1.75,282.7
021913.000,4458.6253,9311.0643,1.0,7.0,1.75,282.7
021914.000,4458.6252,9311.0643,1.0,7.0,1.75,282.7
021915.000,4458.6251,9311.0642,1.0,7.0,1.75,282.7
021923.000,4458.624499999999,9311.0634,1.0,7.0,1.75,282.7
021924.000,4458.6244,9311.0633,1.0,7.0,1.75,282.7
021925.000,4458.6244,9311.0632,1.0,7.0,1.75,282.7
021926.000,4458.6244,9311.0631,1.0,7.0,1.75,282.7
021927.000,4458.6243,9311.063,1.0,6.0,1.89,282.7
021928.000,4458.6242,9311.0629,1.0,7.0,1.75,282.7
021929.000,4458.6242,9311.0629,1.0,7.0,1.07,282.7
021930.000,4458.6241,9311.0629,1.0,7.0,1.07,282.7
021931.000,4458.624,9311.0628,1.0,8.0,0.9899999999999999,282.7
021932.000,4458.624,9311.0628,1.0,7.0,1.01,282.7
021933.000,4458.624,9311.0627,1.0,7.0,1.01,282.7
021934.000,4458.6239,9311.0626,1.0,8.0,0.99,282.7
021935.000,4458.6239,9311.0625,1.0,8.0,0.99,282.7
021936.000,4458.6239,9311.0625,1.0,8.0,0.9900000000000001,282.7
021937.000,4458.6239,9311.0624,1.0,8.0,0.99,282.7
021938.000,4458.6239,9311.0624,1.0,8.0,0.99,282.7
021939.000,4458.6239,9311.0624,1.0,8.0,0.99,282.7
021940.000,4458.6238,9311.0624,1.0,8.0,0.99,282.7
021941.000,4458.6238,9311.0624,1.0,8.0,0.99,282.7
021942.000,4458.6237,9311.0624,1.0,8.0,0.9900000000000001,282.7
021949.000,4458.6234,9311.0626,1.0,7.0,1.75,282.7
021950.000,4458.6234,9311.0627,1.0,7.0,1.75,282.7
021951.000,4458.6234,9311.0627,1.0,7.0,1.75,282.7
021952.000,4458.6235,9311.0627,1.0,7.0,1.75,282.7
021953.000,4458.6235,9311.0627,1.0,7.0,1.74,282.7
021954.000,4458.6235,9311.0626,1.0,7.0,1.74,282.7
021955.000,4458.6235,9311.0625,1.0,7.0,1.75,282.7
021956.000,4458.6235,9311.0624,1.0,7.0,1.75,282.7
021957.000,4458.6236,9311.0623,1.0,7.0,1.75,282.7
021958.000,4458.6236,9311.0623,1.0,7.0,1.74,282.7
021959.000,4458.6237,9311.0623,1.0,7.0,2.21,282.7
022000.000,4458.6237,9311.0623,1.0,7.0,1.74,282.7
022001.000,4458.6238,9311.0623,1.0,7.0,2.21,282.7
022002.000,4458.6239,9311.0623,1.0,7.0,1.74,282.7
022003.000,4458.6239,9311.0624,1.0,7.0,1.74,282.7
022004.000,4458.624,9311.0625,1.0,7.0,1.75,282.7
022005.000,4458.6241,9311.0626,1.0,7.0,1.75,282.7
022006.000,4458.6242,9311.0626,1.0,7.0,1.75,282.7
022007.000,4458.6243,9311.0627,1.0,7.0,1.74,282.7
022008.000,4458.6244,9311.0627,1.0,7.0,1.75,282.7
022009.000,4458.6245,9311.0628,1.0,7.0,1.75,282.7
022010.000,4458.6245,9311.0628,1.0,7.0,1.75,282.7
022011.000,4458.6246,9311.0629,1.0,7.0,1.75,282.7
022012.000,4458.6246,9311.063,1.0,7.0,1.74,282.7
022013.000,4458.6247,9311.063,1.0,7.0,1.75,282.7
022014.000,4458.6247,9311.0631,1.0,7.0,1.75,282.7
022015.000,4458.6247,9311.0631,1.0,7.0,1.74,282.7
022016.000,4458.6248,9311.0632,1.0,7.0,1.74,282.7
022017.000,4458.6249,9311.0633,1.0,7.0,1.75,282.7
022018.000,4458.625,9311.0634,1.0,7.0,1.74,282.7
022019.000,4458.6251,9311.0635,1.0,7.0,1.74,282.7
022020.000,4458.6251,9311.0636,1.0,7.0,1.74,282.7
022021.000,4458.6252,9311.0637,1.0,7.0,1.75,282.7
022022.000,4458.6253,9311.0637,1.0,7.0,1.74,282.7
022023.000,4458.6253,9311.0638,1.0,7.0,1.74,282.7
022024.000,4458.6254,9311.0639,1.0,7.0,1.74,282.7
022025.000,4458.6254,9311.064,1.0,7.0,1.74,282.7
022026.000,4458.6254,9311.0642,1.0,7.0,1.74,282.7
022027.000,4458.6254,9311.0643,1.0,7.0,1.74,282.7
022028.000,4458.6254,9311.0644,1.0,7.0,1.75,282.7
022029.000,4458.6254,9311.0645,1.0,8.0,1.18,282.7
022030.000,4458.6253,9311.0647,1.0,8.0,1.18,282.7
022031.000,4458.6253,9311.0648,1.0,8.0,1.18,282.7
022032.000,4458.6252,9311.0649,1.0,8.0,1.18,282.7
022033.000,4458.6252,9311.065,1.0,8.0,1.18,282.7
022034.000,4458.6251,9311.0652,1.0,8.0,1.18,282.7
022035.000,4458.625,9311.0653,1.0,8.0,1.18,282.7
022036.000,4458.6249,9311.0655,1.0,7.0,1.74,282.7
022037.000,4458.6243,9311.0658,1.0,7.0,1.74,282.7
022038.000,4458.622,9311.0662,1.0,6.0,2.13,282.8
022039.000,4458.6216,9311.0666,1.0,6.0,2.13,282.8
022040.000,4458.6212,9311.067,1.0,6.0,2.13,282.8
022041.000,4458.6209,9311.0673,1.0,6.0,2.14,282.8
022042.000,4458.6205,9311.0675,1.0,6.0,2.13,282.7
022043.000,4458.6201,9311.0675,1.0,6.0,2.13,282.7
022044.000,4458.6188,9311.0678,1.0,6.0,2.13,282.7
022045.000,4458.6182,9311.0678,1.0,6.0,2.13,282.7
022046.000,4458.6177,9311.068,1.0,6.0,2.13,282.7
022047.000,4458.6169,9311.0681,1.0,6.0,2.13,282.7
022048.000,4458.6163,9311.068,1.0,6.0,2.13,282.6
022049.000,4458.6156,9311.0677,1.0,6.0,2.13,282.6
022050.000,4458.6149,9311.0677,1.0,6.0,2.13,282.6
022051.000,4458.6148,9311.0675,1.0,6.0,2.13,282.6
022052.000,4458.6147,9311.0674,1.0,6.0,2.13,282.6
022053.000,4458.6146,9311.0674,1.0,6.0,2.13,282.6
022054.000,4458.6144,9311.0674,1.0,6.0,2.13,282.6
022055.000,4458.6143,9311.0675,1.0,6.0,2.14,282.6
022056.000,4458.6142,9311.0677,1.0,6.0,2.13,282.6
022057.000,4458.6142,9311.0674,1.0,6.0,2.13,282.6
022058.000,4458.6141,9311.0675,1.0,6.0,2.13,282.5
022059.000,4458.614,9311.0675,1.0,6.0,2.13,282.5
022100.000,4458.6139,9311.0675,1.0,6.0,2.13,282.5
022101.000,4458.6138,9311.0676,1.0,6.0,2.14,282.5
022102.000,4458.6137,9311.0676,1.0,6.0,2.14,282.5
022103.000,4458.6136,9311.0676,1.0,6.0,1.63,282.5
022104.000,4458.6136,9311.0676,1.0,6.0,1.64,282.5
022105.000,4458.6136,9311.0675,1.0,6.0,1.63,282.5
022106.000,4458.6136,9311.0675,1.0,6.0,1.75,282.5
022107.000,4458.6136,9311.0674,1.0,6.0,1.75,282.5
022108.000,4458.6136,9311.0673,1.0,6.0,1.75,282.5
022109.000,4458.6136,9311.0673,1.0,6.0,1.75,282.5
022110.000,4458.6135,9311.0672,1.0,6.0,1.75,282.5
022111.000,4458.6135,9311.0672,1.0,6.0,1.75,282.5
022112.000,4458.6135,9311.0671,1.0,6.0,1.75,282.5
022113.000,4458.6134,9311.067,1.0,6.0,1.75,282.5
022114.000,4458.6134,9311.0669,1.0,6.0,1.75,282.5
022115.000,4458.6133,9311.0668,1.0,6.0,1.75,282.5
022116.000,4458.6132,9311.0667,1.0,6.0,1.75,282.5
022117.000,4458.6132,9311.0667,1.0,6.0,1.75,282.5
022118.000,4458.6131,9311.0666,1.0,6.0,1.75,282.5
022119.000,4458.6131,9311.0666,1.0,6.0,1.75,282.5
022120.000,4458.613,9311.0665,1.0,6.0,1.75,282.5
022121.000,4458.613,9311.0664,1.0,6.0,1.75,282.5
022122.000,4458.6129,9311.0663,1.0,6.0,1.75,282.5
022123.000,4458.6128,9311.0662,1.0,6.0,1.75,282.5
022124.000,4458.6127,9311.066,1.0,6.0,1.75,282.5
022125.000,4458.6127,9311.0659,1.0,6.0,1.75,282.5
022126.000,4458.6126,9311.0658,1.0,6.0,1.75,282.5
022127.000,4458.6126,9311.0657,1.0,6.0,1.75,282.5
022128.000,4458.6127,9311.0656,1.0,6.0,1.75,282.5
022129.000,4458.6127,9311.0655,1.0,6.0,1.75,282.5
022130.000,4458.6127,9311.0654,1.0,6.0,1.75,282.5
022131.000,4458.6128,9311.0653,1.0,6.0,1.75,282.5
022132.000,4458.6128,9311.0651,1.0,6.0,1.75,282.5
022133.000,4458.6129,9311.065,1.0,6.0,1.75,282.5
022134.000,4458.6133,9311.0642,1.0,6.0,1.75,282.5
022135.000,4458.6137,9311.0638,1.0,6.0,1.75,282.5
022136.000,4458.6138,9311.0636,1.0,6.0,1.75,282.5
022137.000,4458.6138,9311.0633,1.0,6.0,1.75,282.5
022138.000,4458.6141,9311.0627,1.0,6.0,1.75,282.5
022139.000,4458.6143,9311.0622,1.0,6.0,1.75,282.5
022140.000,4458.6147,9311.0618,1.0,6.0,1.75,282.5
022141.000,4458.6149,9311.0614,1.0,6.0,1.75,282.4
022142.000,4458.6152,9311.0609,1.0,6.0,1.75,282.4
022143.000,4458.6158,9311.0603,1.0,6.0,1.75,282.4
022144.000,4458.6162,9311.0598,1.0,6.0,1.75,282.4
022145.000,4458.6167,9311.0592,1.0,6.0,1.75,282.4
022146.000,4458.6171,9311.0587,1.0,6.0,1.75,282.4
022147.000,4458.6176,9311.0581,1.0,6.0,1.75,282.4
022148.000,4458.6182,9311.0577,1.0,6.0,1.75,282.4
022149.000,4458.6187,9311.0573,1.0,6.0,1.75,282.4
022150.000,4458.6192,9311.0571,1.0,7.0,1.74,282.4
022151.000,4458.6199,9311.057,1.0,6.0,1.75,282.4
022152.000,4458.6206,9311.0568,1.0,6.0,1.75,282.4
022153.000,4458.6213,9311.0568,1.0,6.0,1.75,282.4
022154.000,4458.6218,9311.0567,1.0,6.0,1.75,282.4
022155.000,4458.6222,9311.0567,1.0,6.0,1.75,282.4
022156.000,4458.6227,9311.0567,1.0,6.0,2.29,282.4
022157.000,4458.6233,9311.0566,1.0,6.0,1.75,282.4
022158.000,4458.6239,9311.0563,1.0,6.0,1.75,282.4
022159.000,4458.6246,9311.0562,1.0,6.0,1.75,282.4
022200.000,4458.6251,9311.0563,1.0,6.0,1.75,282.4
022201.000,4458.6255,9311.0563,1.0,7.0,1.22,282.4
022202.000,4458.6259,9311.0564,1.0,7.0,1.22,282.4
022203.000,4458.6255,9311.0567,1.0,7.0,1.25,282.4
022204.000,4458.6251,9311.0568,1.0,6.0,2.29,282.4
022205.000,4458.6252,9311.0568,1.0,6.0,2.29,282.4
022206.000,4458.6253,9311.0567,1.0,6.0,2.29,282.4
022207.000,4458.6255,9311.0565,1.0,6.0,2.29,282.4
022208.000,4458.6258,9311.0565,1.0,6.0,1.75,282.4
022209.000,4458.6261,9311.0565,1.0,6.0,2.29,282.4
022210.000,4458.6264,9311.0564,1.0,6.0,2.29,282.4
022211.000,4458.6267,9311.0563,1.0,6.0,2.29,282.4
022212.000,4458.627,9311.0565,1.0,6.0,1.75,282.4
022213.000,4458.6273,9311.0566,1.0,6.0,2.29,282.4
022214.000,4458.6276,9311.0567,1.0,6.0,2.29,282.4
022215.000,4458.6278,9311.0567,1.0,6.0,2.29,282.4
022216.000,4458.6281,9311.0567,1.0,6.0,2.29,282.4
022217.000,4458.6283,9311.0568,1.0,6.0,2.29,282.4
022218.000,4458.6275,9311.0568,1.0,6.0,2.29,282.4
022219.000,4458.6276,9311.057,1.0,7.0,1.25,282.4
022220.000,4458.6278,9311.0572,1.0,9.0,0.92,282.4
022221.000,4458.6274,9311.0575,1.0,7.0,1.08,282.4
022222.000,4458.6274,9311.0575,1.0,8.0,0.99,282.4
022223.000,4458.6275,9311.0573,1.0,8.0,1.0,282.4
022224.000,4458.6277,9311.0571,1.0,8.0,1.0,282.4
022225.000,4458.6278,9311.0572,1.0,8.0,0.99,282.3
022226.000,4458.628,9311.057,1.0,8.0,0.99,282.3
022227.000,4458.6281,9311.0569,1.0,8.0,0.99,282.3
022228.000,4458.6279,9311.057,1.0,8.0,0.99,282.3
022229.000,4458.6276,9311.057,1.0,8.0,1.0,282.3
022230.000,4458.6275,9311.057,1.0,8.0,0.99,282.2
022231.000,4458.6273,9311.0569,1.0,8.0,0.99,282.2
022232.000,4458.6272,9311.0569,1.0,8.0,0.99,282.2
022233.000,4458.6268,9311.057,1.0,8.0,0.99,282.2
022234.000,4458.6267,9311.0571,1.0,8.0,0.99,282.2
022235.000,4458.6264,9311.0573,1.0,8.0,1.0,282.2
022236.000,4458.6262,9311.0572,1.0,8.0,1.0,282.2
022237.000,4458.6263,9311.0572,1.0,8.0,0.99,282.2
022238.000,4458.6264,9311.0571,1.0,8.0,0.99,282.2
022239.000,4458.6265,9311.0571,1.0,7.0,1.08,282.2
022240.000,4458.6266,9311.057,1.0,8.0,0.99,282.2
022241.000,4458.6267,9311.0569,1.0,8.0,0.99,282.2
022242.000,4458.6268,9311.0568,1.0,8.0,0.99,282.2
022243.000,4458.6269,9311.0567,1.0,8.0,0.99,282.2
022244.000,4458.627,9311.0566,1.0,8.0,0.99,282.2
022245.000,4458.627,9311.0565,1.0,8.0,0.99,282.2
022246.000,4458.627,9311.0563,1.0,7.0,1.06,282.2
022247.000,4458.6271,9311.0561,1.0,8.0,0.99,282.2
022248.000,4458.6271,9311.0559,1.0,8.0,0.99,282.2
022249.000,4458.6272,9311.0558,1.0,7.0,1.06,282.2
022250.000,4458.6272,9311.0556,1.0,7.0,1.06,282.2
022251.000,4458.6273,9311.0555,1.0,8.0,0.99,282.2
022252.000,4458.6273,9311.0554,1.0,7.0,1.06,282.2
022253.000,4458.6273,9311.0553,1.0,8.0,0.99,282.2
022254.000,4458.6273,9311.0553,1.0,8.0,0.99,282.2
022255.000,4458.6274,9311.0552,1.0,8.0,0.99,282.2
022256.000,4458.6274,9311.0552,1.0,8.0,0.99,282.2
022257.000,4458.6274,9311.0552,1.0,8.0,0.99,282.2
022258.000,4458.6275,9311.0552,1.0,8.0,0.99,282.2
022259.000,4458.6275,9311.0552,1.0,8.0,0.99,282.2
022300.000,4458.6276,9311.0553,1.0,8.0,0.98,282.2
022301.000,4458.6276,9311.0554,1.0,8.0,0.99,282.2
022302.000,4458.6277,9311.0554,1.0,8.0,0.99,282.2
022303.000,4458.6278,9311.0555,1.0,8.0,0.99,282.2
022304.000,4458.6278,9311.0556,1.0,8.0,0.99,282.2
022305.000,4458.6279,9311.0557,1.0,8.0,0.99,282.2
022306.000,4458.628,9311.0557,1.0,8.0,0.99,282.2
022307.000,4458.628,9311.0557,1.0,8.0,0.99,282.2
022308.000,4458.6281,9311.0557,1.0,8.0,0.99,282.2
022309.000,4458.6281,9311.0557,1.0,8.0,0.99,282.2
022310.000,4458.6281,9311.0557,1.0,8.0,0.98,282.2
022311.000,4458.6281,9311.0557,1.0,8.0,0.98,282.2
022312.000,4458.6281,9311.0557,1.0,8.0,0.98,282.2
022313.000,4458.6281,9311.0556,1.0,8.0,0.98,282.2
022314.000,4458.6281,9311.0556,1.0,8.0,0.99,282.2
022315.000,4458.6281,9311.0556,1.0,8.0,0.98,282.2
022316.000,4458.6281,9311.0556,1.0,8.0,0.99,282.2
022317.000,4458.6281,9311.0556,1.0,8.0,0.99,282.2
022318.000,4458.6281,9311.0556,1.0,8.0,0.98,282.2
022319.000,4458.6281,9311.0556,1.0,8.0,0.99,282.2
022320.000,4458.6281,9311.0556,1.0,8.0,0.99,282.2
022321.000,4458.6281,9311.0556,1.0,8.0,0.99,282.2
022322.000,4458.6282,9311.0556,1.0,8.0,0.99,282.2
022323.000,4458.6282,9311.0556,1.0,8.0,0.98,282.2
022324.000,4458.6282,9311.0555,1.0,8.0,0.98,282.2
022325.000,4458.6283,9311.0555,1.0,8.0,0.98,282.2
022326.000,4458.6283,9311.0555,1.0,8.0,0.98,282.2
022327.000,4458.6283,9311.0554,1.0,8.0,0.98,282.2
022328.000,4458.6283,9311.0554,1.0,8.0,0.98,282.2
022329.000,4458.6283,9311.0554,1.0,8.0,0.99,282.2
022330.000,4458.6284,9311.0554,1.0,8.0,0.99,282.2
022331.000,4458.6284,9311.0554,1.0,8.0,0.99,282.2
022332.000,4458.6285,9311.0554,1.0,8.0,0.98,282.2
022333.000,4458.6285,9311.0553,1.0,8.0,0.98,282.2
022334.000,4458.6286,9311.0553,1.0,8.0,0.98,282.2
022335.000,4458.6285,9311.0553,1.0,8.0,0.98,282.2
022336.000,4458.6285,9311.0552,1.0,8.0,0.98,282.2
022337.000,4458.6285,9311.0552,1.0,8.0,0.98,282.2
022338.000,4458.6284,9311.0552,1.0,8.0,0.98,282.2
022339.000,4458.6284,9311.0551,1.0,8.0,0.98,282.2
022340.000,4458.6282,9311.0552,1.0,8.0,0.98,282.2
022341.000,4458.6281,9311.0552,1.0,8.0,0.98,282.2
022342.000,4458.6279,9311.0553,1.0,8.0,0.98,282.2
022343.000,4458.6272,9311.0552,1.0,8.0,0.98,282.2
022344.000,4458.6264,9311.0554,1.0,8.0,0.98,282.2
022345.000,4458.6255,9311.056,1.0,8.0,0.98,282.3
022346.000,4458.625,9311.0563,1.0,8.0,0.98,282.3
022347.000,4458.6247,9311.0562,1.0,8.0,0.98,282.3
022348.000,4458.6244,9311.0561,1.0,8.0,0.98,282.3
022349.000,4458.6252,9311.0565,1.0,8.0,0.98,282.2
022350.000,4458.6252,9311.0564,1.0,8.0,0.98,282.2
022351.000,4458.625,9311.0564,1.0,8.0,0.98,282.2
022352.000,4458.625,9311.0564,1.0,8.0,0.98,282.2
022353.000,4458.6252,9311.0564,1.0,8.0,0.98,282.2
022354.000,4458.6254,9311.0564,1.0,8.0,0.98,282.2
022355.000,4458.6255,9311.0561,1.0,8.0,0.98,282.2
022356.000,4458.6254,9311.0561,1.0,8.0,0.98,282.2
022357.000,4458.6253,9311.056,1.0,8.0,0.98,282.2
022358.000,4458.6252,9311.0559,1.0,8.0,0.98,282.2
022359.000,4458.6252,9311.0558,1.0,8.0,0.98,282.2
022400.000,4458.6251,9311.0558,1.0,8.0,0.98,282.2
022401.000,4458.625,9311.0558,1.0,8.0,0.98,282.2
022402.000,4458.6249,9311.0558,1.0,8.0,0.98,282.2
022403.000,4458.6249,9311.0559,1.0,8.0,0.98,282.2
022404.000,4458.6248,9311.0559,1.0,8.0,0.98,282.2
022405.000,4458.6247,9311.056,1.0,8.0,0.98,282.2
022406.000,4458.6247,9311.0561,1.0,8.0,0.98,282.2
022407.000,4458.6247,9311.0562,1.0,8.0,0.98,282.2
022408.000,4458.6247,9311.0563,1.0,8.0,0.98,282.2
022409.000,4458.6247,9311.0563,1.0,8.0,0.98,282.2
022410.000,4458.6247,9311.0563,1.0,8.0,0.98,282.2
022411.000,4458.6247,9311.0563,1.0,8.0,0.98,282.2
022412.000,4458.6247,9311.0562,1.0,8.0,0.98,282.2
022413.000,4458.6248,9311.0561,1.0,8.0,0.98,282.2
022414.000,4458.6248,9311.0561,1.0,8.0,0.98,282.2
022415.000,4458.6248,9311.056,1.0,8.0,0.98,282.2
022416.000,4458.6248,9311.056,1.0,8.0,0.98,282.2
022417.000,4458.6249,9311.056,1.0,8.0,0.98,282.2
022418.000,4458.6248,9311.056,1.0,8.0,0.98,282.2
022419.000,4458.6248,9311.056,1.0,8.0,0.98,282.2
022420.000,4458.6248,9311.0561,1.0,8.0,0.98,282.2
022421.000,4458.6248,9311.0561,1.0,8.0,0.98,282.2
022422.000,4458.6248,9311.0562,1.0,8.0,0.98,282.2
022423.000,4458.6248,9311.0562,1.0,8.0,0.98,282.2
022424.000,4458.6248,9311.0562,1.0,8.0,0.98,282.2
022425.000,4458.6248,9311.0561,1.0,8.0,0.98,282.2
022426.000,4458.6247,9311.0561,1.0,8.0,0.98,282.2
022427.000,4458.6247,9311.0561,1.0,8.0,0.98,282.2
022428.000,4458.6247,9311.0561,1.0,8.0,0.98,282.2
022429.000,4458.6247,9311.0561,1.0,8.0,0.98,282.2
022430.000,4458.6246,9311.0561,1.0,7.0,1.06,282.3
022431.000,4458.6245,9311.0561,1.0,8.0,0.98,282.3
022432.000,4458.6245,9311.0562,1.0,8.0,0.98,282.3
022433.000,4458.6244,9311.0562,1.0,8.0,0.98,282.3
022434.000,4458.6244,9311.0562,1.0,8.0,0.98,282.3
022435.000,4458.6243,9311.0562,1.0,8.0,0.98,282.3
022436.000,4458.6243,9311.0562,1.0,8.0,0.98,282.3
022437.000,4458.6243,9311.0561,1.0,8.0,0.98,282.3
022438.000,4458.6242,9311.0561,1.0,8.0,0.98,282.3
022439.000,4458.6242,9311.0561,1.0,8.0,0.98,282.3
022440.000,4458.6242,9311.056,1.0,8.0,0.98,282.3
022441.000,4458.6243,9311.056,1.0,8.0,0.98,282.3
022442.000,4458.6243,9311.0561,1.0,8.0,0.98,282.3
022443.000,4458.6243,9311.0561,1.0,8.0,0.98,282.3
022444.000,4458.6243,9311.0562,1.0,8.0,0.98,282.3
022445.000,4458.6244,9311.0562,1.0,8.0,0.98,282.3
022446.000,4458.6244,9311.0563,1.0,8.0,0.98,282.3
022447.000,4458.6245,9311.0564,1.0,8.0,0.98,282.3
022448.000,4458.6246,9311.0565,1.0,8.0,0.95,282.3
022449.000,4458.6247,9311.0566,1.0,7.0,1.01,282.3
022450.000,4458.6248,9311.0567,1.0,7.0,1.01,282.3
022451.000,4458.6253,9311.0569,1.0,7.0,1.01,282.2
022452.000,4458.6256,9311.0572,1.0,7.0,1.01,282.2
022453.000,4458.6247,9311.057,1.0,8.0,0.95,282.2
022454.000,4458.6248,9311.057,1.0,8.0,0.95,282.2
022455.000,4458.625,9311.0572,1.0,8.0,0.95,282.3
022456.000,4458.6252,9311.0573,1.0,7.0,1.01,282.3
022457.000,4458.6254,9311.0575,1.0,7.0,1.01,282.3
022458.000,4458.6252,9311.0576,1.0,7.0,1.01,282.3
022459.000,4458.6251,9311.0578,1.0,7.0,1.01,282.3
022500.000,4458.6246,9311.057,1.0,7.0,1.01,282.4
022501.000,4458.6236,9311.0568,1.0,7.0,1.01,282.5
022502.000,4458.6229,9311.0565,1.0,7.0,1.01,282.4
022503.000,4458.6222,9311.0562,1.0,7.0,1.01,282.4
022504.000,4458.6215,9311.0558,1.0,7.0,1.01,282.4
022505.000,4458.6215,9311.0558,1.0,7.0,1.01,282.4
022506.000,4458.6214,9311.0559,1.0,7.0,1.01,282.4
022507.000,4458.6214,9311.056,1.0,8.0,0.95,282.4
022508.000,4458.6213,9311.0561,1.0,8.0,0.95,282.4
022509.000,4458.6211,9311.0562,1.0,8.0,0.95,282.4
022510.000,4458.6198,9311.0551,1.0,8.0,0.95,282.5
022511.000,4458.6196,9311.0542,1.0,8.0,0.95,282.6
022512.000,4458.6193,9311.0535,1.0,8.0,0.95,282.6
022513.000,4458.6186,9311.0532,1.0,8.0,0.95,282.7
022514.000,4458.6181,9311.053,1.0,8.0,0.95,282.7
022515.000,4458.6178,9311.0531,1.0,8.0,0.95,282.7
022516.000,4458.6174,9311.0531,1.0,8.0,0.95,282.7
022517.000,4458.6171,9311.0531,1.0,8.0,0.95,282.7
022518.000,4458.6168,9311.0537,1.0,9.0,0.94,282.7
022519.000,4458.6165,9311.0542,1.0,9.0,0.94,282.7
022520.000,4458.6165,9311.0548,1.0,9.0,0.94,282.6
022521.000,4458.6164,9311.0555,1.0,9.0,0.94,282.6
022522.000,4458.616,9311.0559,1.0,9.0,0.94,282.6
022523.000,4458.6156,9311.0567,1.0,8.0,0.95,282.6
022524.000,4458.6155,9311.0587,1.0,8.0,0.95,282.5
022525.000,4458.6157,9311.0602,1.0,8.0,0.95,282.4
022526.000,4458.6161,9311.0608,1.0,9.0,0.94,282.3
022527.000,4458.616,9311.0616,1.0,9.0,0.94,282.3
022528.000,4458.6154,9311.0621,1.0,9.0,0.94,282.3
022529.000,4458.6156,9311.0621,1.0,9.0,0.94,282.3
022530.000,4458.6157,9311.0622,1.0,9.0,0.94,282.2
022531.000,4458.6158,9311.0622,1.0,8.0,0.95,282.2
022532.000,4458.6161,9311.0621,1.0,8.0,0.95,282.2
022533.000,4458.6163,9311.0621,1.0,8.0,0.95,282.2
022534.000,4458.6166,9311.062,1.0,8.0,0.95,282.2
022535.000,4458.6166,9311.062,1.0,8.0,0.95,282.2
022536.000,4458.6165,9311.0621,1.0,8.0,0.95,282.2
022537.000,4458.6165,9311.0622,1.0,8.0,0.95,282.2
022538.000,4458.6166,9311.0623,1.0,8.0,0.95,282.2
022539.000,4458.6166,9311.0623,1.0,8.0,1.65,282.2
022540.000,4458.6167,9311.0624,1.0,8.0,1.65,282.2
022541.000,4458.6167,9311.0625,1.0,8.0,1.65,282.2
022542.000,4458.6168,9311.0626,1.0,8.0,1.65,282.2
022543.000,4458.6169,9311.0628,1.0,7.0,1.7,282.2
022544.000,4458.617,9311.0629,1.0,7.0,1.69,282.2
022545.000,4458.617,9311.0631,1.0,7.0,1.69,282.2
022546.000,4458.6171,9311.0632,1.0,8.0,1.65,282.2
022547.000,4458.6172,9311.0634,1.0,8.0,1.65,282.2
022548.000,4458.6173,9311.0636,1.0,8.0,1.65,282.2
022549.000,4458.6176,9311.0639,1.0,8.0,1.65,282.2
022550.000,4458.6176,9311.0641,1.0,8.0,1.65,282.2
022551.000,4458.6175,9311.0642,1.0,7.0,1.69,282.2
022552.000,4458.6174,9311.0644,1.0,8.0,1.65,282.2
022553.000,4458.6178,9311.0644,1.0,7.0,1.69,282.2
022554.000,4458.6183,9311.0643,1.0,7.0,1.69,282.2
022555.000,4458.6189,9311.0642,1.0,8.0,1.65,282.3
022556.000,4458.6176,9311.0639,1.0,8.0,1.65,282.3
022557.000,4458.617,9311.0635,1.0,8.0,1.65,282.3
022558.000,4458.6163,9311.0633,1.0,8.0,1.65,282.3
022559.000,4458.6156,9311.063,1.0,8.0,1.65,282.3
022600.000,4458.6157,9311.0631,1.0,8.0,1.65,282.3
022601.000,4458.6157,9311.0632,1.0,8.0,1.65,282.3
022602.000,4458.6157,9311.0633,1.0,8.0,1.65,282.3
022603.000,4458.6157,9311.0633,1.0,9.0,1.18,282.3
022604.000,4458.6158,9311.0634,1.0,9.0,1.18,282.3
022605.000,4458.6158,9311.0636,1.0,10.0,0.87,282.3
022606.000,4458.6159,9311.0637,1.0,10.0,0.87,282.3
022607.000,4458.616,9311.0638,1.0,10.0,0.87,282.3
022608.000,4458.616,9311.0639,1.0,9.0,0.89,282.3
022609.000,4458.616,9311.064,1.0,9.0,0.89,282.3
022610.000,4458.6161,9311.064,1.0,9.0,0.94,282.3
022611.000,4458.6161,9311.0641,1.0,9.0,0.94,282.3
022612.000,4458.6162,9311.0641,1.0,8.0,0.97,282.3
022613.000,4458.6163,9311.0642,1.0,10.0,0.87,282.3
022614.000,4458.6164,9311.0643,1.0,10.0,0.87,282.3
022615.000,4458.6166,9311.0644,1.0,10.0,0.87,282.3
022616.000,4458.6167,9311.0645,1.0,10.0,0.87,282.3
022617.000,4458.6168,9311.0646,1.0,10.0,0.87,282.3
022618.000,4458.6168,9311.0647,1.0,10.0,0.87,282.3
022619.000,4458.6169,9311.0649,1.0,10.0,0.87,282.3
022620.000,4458.6173,9311.0655,1.0,10.0,0.87,282.3
022621.000,4458.6174,9311.0658,1.0,10.0,0.87,282.3
022622.000,4458.6178,9311.066,1.0,9.0,0.89,282.2
022623.000,4458.6183,9311.066,1.0,9.0,0.89,282.2
022624.000,4458.6186,9311.0659,1.0,10.0,0.87,282.2
022625.000,4458.6188,9311.0659,1.0,10.0,0.87,282.2
022626.000,4458.6192,9311.0661,1.0,10.0,0.87,282.2
022627.000,4458.6195,9311.066,1.0,10.0,0.87,282.2
022628.000,4458.6196,9311.0663,1.0,10.0,0.87,282.2
022629.000,4458.6196,9311.0664,1.0,10.0,0.87,282.2
022630.000,4458.6197,9311.0665,1.0,10.0,0.87,282.2
022631.000,4458.6197,9311.0666,1.0,10.0,0.87,282.2
022632.000,4458.6198,9311.0667,1.0,10.0,0.87,282.2
022633.000,4458.6199,9311.0668,1.0,10.0,0.87,282.2
022634.000,4458.6199,9311.0669,1.0,10.0,0.87,282.2
022635.000,4458.62,9311.0669,1.0,10.0,0.87,282.2
022636.000,4458.6201,9311.067,1.0,10.0,0.87,282.2
022637.000,4458.6202,9311.067,1.0,10.0,0.88,282.2
022638.000,4458.6203,9311.067,1.0,10.0,0.88,282.2
022639.000,4458.6204,9311.067,1.0,10.0,0.88,282.2
022640.000,4458.6206,9311.0669,1.0,9.0,0.95,282.2
022641.000,4458.6206,9311.0669,1.0,10.0,0.88,282.2
022642.000,4458.6207,9311.0668,1.0,10.0,0.87,282.2
022643.000,4458.6209,9311.0668,1.0,10.0,0.87,282.2
022644.000,4458.621,9311.0667,1.0,10.0,0.88,282.2
022645.000,4458.6211,9311.0667,1.0,10.0,0.88,282.2
022646.000,4458.6212,9311.0667,1.0,9.0,0.95,282.2
022647.000,4458.6214,9311.0666,1.0,9.0,0.95,282.2
022648.000,4458.6215,9311.0666,1.0,9.0,0.95,282.2
022649.000,4458.6216,9311.0665,1.0,8.0,1.43,282.2
022650.000,4458.6216,9311.0664,1.0,8.0,1.43,282.2
022651.000,4458.6217,9311.0664,1.0,8.0,1.43,282.2
022652.000,4458.6218,9311.0663,1.0,8.0,1.43,282.2
022653.000,4458.6219,9311.0662,1.0,8.0,1.46,282.2
022654.000,4458.6219,9311.0662,1.0,8.0,1.46,282.2
022655.000,4458.6219,9311.0662,1.0,8.0,1.46,282.2
022656.000,4458.622,9311.0662,1.0,8.0,1.46,282.2
022657.000,4458.6219,9311.0662,1.0,8.0,1.43,282.2
022658.000,4458.6219,9311.0663,1.0,8.0,1.43,282.2
022659.000,4458.6218,9311.0664,1.0,8.0,1.43,282.2
022700.000,4458.6218,9311.0664,1.0,8.0,1.43,282.2
022701.000,4458.6217,9311.0665,1.0,8.0,1.43,282.2
022702.000,4458.6215,9311.0665,1.0,7.0,2.13,282.2
022703.000,4458.6214,9311.0666,1.0,7.0,2.13,282.2
022704.000,4458.6213,9311.0667,1.0,7.0,2.13,282.2
022705.000,4458.6212,9311.0668,1.0,7.0,2.13,282.2
022706.000,4458.6211,9311.0668,1.0,7.0,2.13,282.2
022707.000,4458.6209,9311.0668,1.0,7.0,2.13,282.2
022708.000,4458.6208,9311.0668,1.0,7.0,2.13,282.2
022709.000,4458.6206,9311.0668,1.0,7.0,2.13,282.2
022710.000,4458.6205,9311.0668,1.0,7.0,2.13,282.2
022711.000,4458.6201,9311.0666,1.0,7.0,2.13,282.3
022712.000,4458.6196,9311.0665,1.0,7.0,2.13,282.3
022713.000,4458.6193,9311.0663,1.0,7.0,2.13,282.4
022714.000,4458.6188,9311.0659,1.0,7.0,2.13,282.4
022715.000,4458.6187,9311.0655,1.0,7.0,2.13,282.4
022716.000,4458.6184,9311.0652,1.0,7.0,2.13,282.4
022717.000,4458.6183,9311.0651,1.0,7.0,2.13,282.4
022718.000,4458.6181,9311.065,1.0,8.0,1.02,282.4
022719.000,4458.618,9311.0649,1.0,8.0,1.02,282.4
022720.000,4458.6175,9311.0651,1.0,8.0,1.02,282.4
022721.000,4458.6168,9311.0654,1.0,7.0,1.07,282.4
022722.000,4458.616,9311.0655,1.0,7.0,1.07,282.3
022723.000,4458.6154,9311.0655,1.0,8.0,1.02,282.3
022724.000,4458.6152,9311.0655,1.0,8.0,1.02,282.2
022725.000,4458.6153,9311.0653,1.0,8.0,1.02,282.1
022726.000,4458.6153,9311.0654,1.0,8.0,1.02,282.1
022727.000,4458.6152,9311.0655,1.0,8.0,1.02,282.0
022728.000,4458.6147,9311.0659,1.0,8.0,1.02,282.0
022729.000,4458.6145,9311.0663,1.0,7.0,1.07,281.9
022730.000,4458.6144,9311.0664,1.0,7.0,1.07,281.9
022731.000,4458.6146,9311.0668,1.0,7.0,1.07,281.9
022732.000,4458.6148,9311.067,1.0,7.0,1.07,281.8
022733.000,4458.6149,9311.0673,1.0,7.0,1.07,281.8
022734.000,4458.6152,9311.0678,1.0,7.0,1.07,281.8
022735.000,4458.6152,9311.068,1.0,7.0,1.07,281.8
022736.000,4458.6152,9311.0682,1.0,7.0,1.07,281.8
022737.000,4458.6151,9311.0683,1.0,7.0,1.07,281.8
022738.000,4458.6151,9311.0685,1.0,7.0,1.07,281.8
022739.000,4458.6151,9311.0687,1.0,7.0,1.07,281.8
022740.000,4458.6151,9311.0688,1.0,8.0,1.0,281.8
022741.000,4458.6151,9311.069,1.0,7.0,1.07,281.8
022742.000,4458.6151,9311.0692,1.0,7.0,1.07,281.8
022743.000,4458.6151,9311.0694,1.0,7.0,1.07,281.8
022744.000,4458.6151,9311.0695,1.0,7.0,1.07,281.8
022745.000,4458.6152,9311.0696,1.0,7.0,1.07,281.8
022746.000,4458.6152,9311.0697,1.0,7.0,1.07,281.8
022747.000,4458.6152,9311.0698,1.0,8.0,0.92,281.8
022748.000,4458.6153,9311.0699,1.0,8.0,0.92,281.8
022749.000,4458.6153,9311.0699,1.0,8.0,0.92,281.8
022750.000,4458.6153,9311.0699,1.0,8.0,0.92,281.8
022751.000,4458.6153,9311.0699,1.0,8.0,0.92,281.8
022752.000,4458.6153,9311.0699,1.0,8.0,0.92,281.8
022753.000,4458.6154,9311.0698,1.0,8.0,0.92,281.8
022754.000,4458.6154,9311.0697,1.0,8.0,0.92,281.8
022755.000,4458.6155,9311.0696,1.0,8.0,0.92,281.8
022756.000,4458.6156,9311.0694,1.0,8.0,0.92,281.8
022757.000,4458.6157,9311.0693,1.0,8.0,0.92,281.8
022758.000,4458.6157,9311.0692,1.0,8.0,0.92,281.8
022759.000,4458.6157,9311.0691,1.0,8.0,0.92,281.8
022800.000,4458.6158,9311.0689,1.0,8.0,0.92,281.8
022801.000,4458.6158,9311.0688,1.0,8.0,0.92,281.8
022802.000,4458.6158,9311.0686,1.0,8.0,0.92,281.8
022803.000,4458.6159,9311.0685,1.0,8.0,0.92,281.8
022804.000,4458.6159,9311.0684,1.0,8.0,0.92,281.8
022805.000,4458.6159,9311.0683,1.0,8.0,0.92,281.8
022806.000,4458.6159,9311.0681,1.0,8.0,0.92,281.8
022807.000,4458.6159,9311.068,1.0,8.0,0.92,281.8
022808.000,4458.6158,9311.0679,1.0,7.0,1.0,281.8
022809.000,4458.6158,9311.0678,1.0,7.0,1.0,281.8
022810.000,4458.6158,9311.0678,1.0,7.0,1.0,281.8
022811.000,4458.6159,9311.0677,1.0,8.0,0.92,281.8
022812.000,4458.6159,9311.0676,1.0,8.0,0.92,281.8
022813.000,4458.6159,9311.0675,1.0,7.0,1.0,281.8
022814.000,4458.6159,9311.0674,1.0,7.0,1.0,281.8
022815.000,4458.6159,9311.0673,1.0,7.0,1.0,281.8
022816.000,4458.6159,9311.0671,1.0,7.0,1.0,281.8
022817.000,4458.6159,9311.0669,1.0,7.0,1.0,281.8
022818.000,4458.6158,9311.0666,1.0,7.0,1.0,281.8
022819.000,4458.6158,9311.0664,1.0,7.0,1.0,281.8
022820.000,4458.6157,9311.0664,1.0,7.0,1.0,281.8
022821.000,4458.6157,9311.0663,1.0,7.0,1.0,281.8
022822.000,4458.6156,9311.0663,1.0,7.0,1.0,281.9
022823.000,4458.6156,9311.0662,1.0,7.0,1.0,281.9
022824.000,4458.6156,9311.0661,1.0,7.0,1.0,281.9
022825.000,4458.6156,9311.066,1.0,7.0,1.0,281.9
022826.000,4458.6157,9311.066,1.0,7.0,1.0,281.9
022827.000,4458.6157,9311.0659,1.0,7.0,1.0,281.9
022828.000,4458.6157,9311.0659,1.0,7.0,1.0,281.9
022829.000,4458.6157,9311.0659,1.0,7.0,1.0,281.9
022830.000,4458.6157,9311.0658,1.0,7.0,1.0,281.9
022831.000,4458.6157,9311.0658,1.0,7.0,1.0,281.9
022832.000,4458.6157,9311.0659,1.0,7.0,1.0,281.9
022833.000,4458.6157,9311.0659,1.0,7.0,1.0,281.9
022834.000,4458.6157,9311.066,1.0,7.0,1.0,281.9
022835.000,4458.6157,9311.066,1.0,7.0,1.0,281.9
022836.000,4458.6157,9311.066,1.0,7.0,1.0,281.9
022837.000,4458.6158,9311.066,1.0,7.0,1.0,281.9
022838.000,4458.6158,9311.0661,1.0,7.0,1.0,281.9
022839.000,4458.6158,9311.066,1.0,7.0,1.03,281.9
022840.000,4458.6159,9311.066,1.0,7.0,1.0,281.9
022841.000,4458.616,9311.0659,1.0,7.0,1.0,281.9
022842.000,4458.6161,9311.0658,1.0,7.0,1.0,281.9
022843.000,4458.6163,9311.0658,1.0,7.0,1.0,281.9
022844.000,4458.6165,9311.0659,1.0,7.0,1.0,281.9
022845.000,4458.6167,9311.0658,1.0,8.0,0.92,281.9
022846.000,4458.617,9311.0656,1.0,8.0,0.94,281.9
022847.000,4458.6172,9311.0655,1.0,8.0,0.94,281.9
022848.000,4458.6173,9311.0652,1.0,9.0,0.9,281.9
022849.000,4458.6173,9311.0652,1.0,10.0,0.87,281.9
022850.000,4458.6173,9311.065,1.0,10.0,0.87,281.9
022851.000,4458.6172,9311.0651,1.0,10.0,0.87,281.9
022852.000,4458.6173,9311.0651,1.0,10.0,0.87,281.8
022853.000,4458.6174,9311.0651,1.0,10.0,0.87,281.8
022854.000,4458.6175,9311.065,1.0,10.0,0.87,281.8
022855.000,4458.6176,9311.0649,1.0,10.0,0.87,281.8
022856.000,4458.6178,9311.0648,1.0,9.0,0.94,281.8
022857.000,4458.6178,9311.0643,1.0,9.0,0.94,281.9
022858.000,4458.6178,9311.0638,1.0,9.0,0.94,281.9
022859.000,4458.618,9311.0635,1.0,9.0,0.94,281.9
022900.000,4458.6181,9311.0635,1.0,9.0,0.94,281.8
022901.000,4458.6182,9311.0634,1.0,9.0,0.94,281.8
022902.000,4458.6183,9311.0633,1.0,9.0,0.94,281.8
022903.000,4458.6183,9311.0632,1.0,9.0,0.94,281.8
022904.000,4458.6184,9311.063,1.0,9.0,0.94,281.8
022905.000,4458.6185,9311.0629,1.0,8.0,0.98,281.8
022906.000,4458.6186,9311.0627,1.0,8.0,0.98,281.8
022907.000,4458.6187,9311.0626,1.0,9.0,0.9,281.8
022908.000,4458.6187,9311.0625,1.0,9.0,0.91,281.8
022909.000,4458.6188,9311.0624,1.0,8.0,0.98,281.8
022910.000,4458.6189,9311.0623,1.0,10.0,0.87,281.8
022911.000,4458.619,9311.0623,1.0,10.0,0.87,281.8
022912.000,4458.619,9311.0622,1.0,10.0,0.88,281.8
022913.000,4458.6191,9311.0622,1.0,10.0,0.87,281.8
022914.000,4458.6191,9311.0621,1.0,8.0,0.98,281.8
022915.000,4458.6192,9311.062,1.0,9.0,0.94,281.8
022916.000,4458.6192,9311.062,1.0,8.0,1.62,281.8
022917.000,4458.6193,9311.062,1.0,8.0,1.62,281.8
022918.000,4458.6194,9311.0619,1.0,8.0,1.62,281.8
022919.000,4458.6194,9311.0619,1.0,9.0,0.94,281.8
022920.000,4458.6195,9311.0618,1.0,9.0,0.89,281.8
022921.000,4458.6196,9311.0618,1.0,8.0,0.93,281.8
022922.000,4458.6197,9311.0617,1.0,9.0,0.9,281.8
022923.000,4458.6199,9311.0617,1.0,8.0,0.93,281.8
022924.000,4458.62,9311.0616,1.0,7.0,1.34,281.8
022925.000,4458.6201,9311.0616,1.0,7.0,1.34,281.8
022926.000,4458.6203,9311.0615,1.0,7.0,1.34,281.8
022927.000,4458.6204,9311.0614,1.0,7.0,1.26,281.8
022928.000,4458.6206,9311.0613,1.0,7.0,1.26,281.8
022929.000,4458.6208,9311.0615,1.0,7.0,1.26,281.8
022930.000,4458.621,9311.0615,1.0,7.0,1.26,281.8
022931.000,4458.621,9311.0616,1.0,7.0,1.26,281.8
022932.000,4458.621,9311.0618,1.0,7.0,1.34,281.8
022933.000,4458.621,9311.0618,1.0,7.0,1.34,281.8
022934.000,4458.6211,9311.0618,1.0,7.0,1.34,281.8
022935.000,4458.6212,9311.0616,1.0,7.0,1.34,281.8
022936.000,4458.6212,9311.0615,1.0,7.0,1.34,281.8
022937.000,4458.6213,9311.0614,1.0,7.0,1.34,281.8
022938.000,4458.6214,9311.0614,1.0,7.0,1.34,281.8
022939.000,4458.6215,9311.0614,1.0,7.0,1.34,281.8
022940.000,4458.6215,9311.0614,1.0,8.0,1.23,281.8
022941.000,4458.6215,9311.0613,1.0,8.0,1.23,281.8
022942.000,4458.6215,9311.0611,1.0,8.0,1.23,281.8
022943.000,4458.6215,9311.061,1.0,8.0,1.23,281.8
022944.000,4458.6214,9311.0609,1.0,7.0,1.26,281.8
022945.000,4458.6214,9311.0608,1.0,7.0,1.26,281.8
022946.000,4458.6213,9311.0607,1.0,7.0,1.26,281.8
022947.000,4458.6213,9311.0605,1.0,7.0,1.26,281.8
022948.000,4458.6213,9311.0604,1.0,7.0,1.26,281.8
022949.000,4458.6212,9311.0602,1.0,8.0,1.21,281.8
022950.000,4458.6212,9311.06,1.0,9.0,1.19,281.8
022951.000,4458.6211,9311.0599,1.0,9.0,1.19,281.8
022952.000,4458.6211,9311.0598,1.0,7.0,1.69,281.8
022953.000,4458.6212,9311.0598,1.0,8.0,1.62,281.8
022954.000,4458.6212,9311.0597,1.0,8.0,1.62,281.8
022955.000,4458.6212,9311.0597,1.0,8.0,1.62,281.8
022956.000,4458.6212,9311.0596,1.0,8.0,1.62,281.8
022957.000,4458.6212,9311.0596,1.0,8.0,1.62,281.8
022958.000,4458.6212,9311.0595,1.0,8.0,1.62,281.8
022959.000,4458.6213,9311.0595,1.0,8.0,1.62,281.8
023000.000,4458.6213,9311.0595,1.0,8.0,1.62,281.8
023001.000,4458.6213,9311.0594,1.0,8.0,1.62,281.8
023002.000,4458.6213,9311.0594,1.0,8.0,1.62,281.8
023003.000,4458.6213,9311.0593,1.0,8.0,1.62,281.8
023004.000,4458.6212,9311.0593,1.0,8.0,1.62,281.8
023005.000,4458.6212,9311.0593,1.0,8.0,1.62,281.8
023006.000,4458.6212,9311.0592,1.0,8.0,1.62,281.8
023007.000,4458.6212,9311.0592,1.0,9.0,0.96,281.8
023008.000,4458.6213,9311.0592,1.0,9.0,0.96,281.8
023009.000,4458.6214,9311.0592,1.0,9.0,0.96,281.8
023010.000,4458.6215,9311.0592,1.0,9.0,0.96,281.8
023011.000,4458.6216,9311.0591,1.0,9.0,0.94,281.8
023012.000,4458.6217,9311.059,1.0,9.0,0.94,281.8
023013.000,4458.6218,9311.0589,1.0,9.0,0.94,281.8
023014.000,4458.6219,9311.0588,1.0,9.0,0.94,281.8
023015.000,4458.622,9311.0586,1.0,9.0,0.94,281.8
023016.000,4458.6221,9311.0586,1.0,9.0,0.94,281.8
023017.000,4458.6222,9311.0585,1.0,9.0,0.96,281.8
023018.000,4458.6224,9311.0585,1.0,9.0,0.96,281.8
023019.000,4458.6225,9311.0585,1.0,9.0,0.94,281.8
023020.000,4458.6227,9311.0584,1.0,9.0,0.96,281.8
023021.000,4458.6228,9311.0584,1.0,9.0,0.96,281.8
023022.000,4458.6231,9311.0582,1.0,9.0,0.96,281.8
023023.000,4458.6235,9311.0582,1.0,9.0,0.96,281.8
023024.000,4458.6237,9311.058,1.0,9.0,0.96,281.8
023025.000,4458.6238,9311.0575,1.0,9.0,0.96,281.8
023026.000,4458.6238,9311.0574,1.0,8.0,0.97,281.8
023027.000,4458.6239,9311.0573,1.0,8.0,0.95,281.8
023028.000,4458.6241,9311.0572,1.0,8.0,0.95,281.8
023029.000,4458.6244,9311.0573,1.0,8.0,0.95,281.8
023030.000,4458.6246,9311.0573,1.0,10.0,0.87,281.8
023031.000,4458.6249,9311.0575,1.0,10.0,0.87,281.8
023032.000,4458.625,9311.0577,1.0,10.0,0.89,281.8
023033.000,4458.6248,9311.0576,1.0,9.0,0.92,281.7
023034.000,4458.6246,9311.0576,1.0,8.0,0.99,281.7
023035.000,4458.6247,9311.0576,1.0,8.0,0.98,281.7
023036.000,4458.6247,9311.0574,1.0,8.0,0.98,281.7
023037.000,4458.6248,9311.0574,1.0,8.0,0.98,281.7
023038.000,4458.6248,9311.0573,1.0,8.0,0.98,281.7
023039.000,4458.6249,9311.0572,1.0,8.0,0.98,281.7
023040.000,4458.625,9311.0572,1.0,8.0,0.98,281.7
023041.000,4458.6251,9311.0572,1.0,8.0,0.99,281.7
023042.000,4458.6251,9311.0572,1.0,8.0,0.98,281.7
023043.000,4458.6252,9311.0571,1.0,8.0,0.98,281.7
023044.000,4458.6252,9311.0571,1.0,8.0,0.98,281.7
023045.000,4458.6252,9311.0571,1.0,8.0,0.98,281.7
023046.000,4458.6253,9311.0571,1.0,8.0,0.98,281.7
023047.000,4458.6253,9311.0571,1.0,8.0,0.98,281.7
023048.000,4458.6253,9311.0571,1.0,8.0,0.98,281.7
023049.000,4458.6254,9311.0571,1.0,8.0,0.99,281.7
023050.000,4458.6254,9311.0571,1.0,8.0,0.98,281.7
023051.000,4458.6255,9311.0571,1.0,8.0,0.99,281.7
023052.000,4458.6256,9311.057,1.0,8.0,0.99,281.7
023053.000,4458.6257,9311.057,1.0,8.0,0.99,281.7
023054.000,4458.6258,9311.057,1.0,8.0,0.98,281.7
023055.000,4458.6259,9311.0569,1.0,8.0,0.98,281.7
023056.000,4458.6259,9311.0569,1.0,8.0,0.99,281.7
023057.000,4458.626,9311.057,1.0,8.0,0.98,281.7
023058.000,4458.626,9311.0571,1.0,8.0,0.98,281.7
023059.000,4458.626,9311.0573,1.0,8.0,0.98,281.7
023100.000,4458.626,9311.0574,1.0,8.0,0.98,281.7
023101.000,4458.626,9311.0574,1.0,8.0,0.98,281.7
023102.000,4458.6259,9311.0575,1.0,8.0,0.98,281.7
023103.000,4458.6258,9311.0575,1.0,8.0,0.98,281.7
023104.000,4458.6257,9311.0575,1.0,8.0,0.98,281.7
023105.000,4458.6256,9311.0575,1.0,8.0,0.98,281.7
023106.000,4458.6255,9311.0575,1.0,8.0,0.98,281.7
023107.000,4458.6254,9311.0575,1.0,8.0,0.98,281.7
023108.000,4458.6252,9311.0575,1.0,8.0,0.98,281.7
023109.000,4458.6251,9311.0576,1.0,8.0,0.98,281.7
023110.000,4458.6249,9311.0576,1.0,8.0,0.98,281.7
023111.000,4458.623,9311.058,1.0,8.0,0.98,281.8
023112.000,4458.6229,9311.058,1.0,8.0,0.98,281.8
023113.000,4458.6224,9311.0579,1.0,8.0,0.98,281.8
023114.000,4458.6217,9311.0577,1.0,8.0,0.98,281.8
023115.000,4458.6212,9311.0579,1.0,8.0,0.98,281.8
023116.000,4458.6204,9311.0581,1.0,8.0,0.98,281.8
023117.000,4458.6201,9311.0583,1.0,8.0,0.98,281.8
023118.000,4458.6193,9311.0585,1.0,8.0,0.98,281.8
023119.000,4458.6186,9311.0587,1.0,7.0,1.68,281.8
023120.000,4458.6185,9311.0589,1.0,7.0,1.68,281.8
023121.000,4458.6185,9311.0589,1.0,7.0,1.68,281.8
023122.000,4458.6186,9311.0594,1.0,7.0,1.68,281.8
023123.000,4458.6187,9311.0595,1.0,7.0,1.68,281.8
023124.000,4458.6194,9311.0599,1.0,7.0,1.68,281.8
023125.000,4458.6198,9311.0602,1.0,7.0,1.68,281.8
023126.000,4458.6202,9311.0606,1.0,7.0,1.68,281.8
023127.000,4458.6205,9311.061,1.0,7.0,1.68,281.8
023128.000,4458.6207,9311.0611,1.0,7.0,1.68,281.8
023129.000,4458.6205,9311.0613,1.0,7.0,1.68,281.8
023130.000,4458.6204,9311.0613,1.0,7.0,1.68,281.8
023131.000,4458.6203,9311.0613,1.0,7.0,1.68,281.8
023132.000,4458.6203,9311.0614,1.0,7.0,1.68,281.8
023133.000,4458.6202,9311.0614,1.0,7.0,1.68,281.8
023134.000,4458.6202,9311.0615,1.0,7.0,1.68,281.8
023135.000,4458.6201,9311.0617,1.0,7.0,1.68,281.8
023136.000,4458.6201,9311.0618,1.0,7.0,1.68,281.8
023137.000,4458.62,9311.0619,1.0,7.0,1.68,281.8
023138.000,4458.62,9311.0619,1.0,7.0,1.68,281.8
023139.000,4458.62,9311.062,1.0,7.0,1.68,281.8
023140.000,4458.6199,9311.0621,1.0,7.0,1.68,281.8
023141.000,4458.6199,9311.0622,1.0,8.0,1.22,281.8
023142.000,4458.6199,9311.0623,1.0,8.0,1.22,281.8
023143.000,4458.6199,9311.0624,1.0,8.0,1.22,281.8
023144.000,4458.6198,9311.0625,1.0,8.0,1.22,281.8
023145.000,4458.6198,9311.0626,1.0,8.0,1.22,281.8
023146.000,4458.6198,9311.0626,1.0,8.0,1.22,281.8
023147.000,4458.6197,9311.0627,1.0,8.0,1.22,281.8
023148.000,4458.6197,9311.0628,1.0,7.0,1.68,281.8
023149.000,4458.6197,9311.0629,1.0,7.0,1.67,281.8
023150.000,4458.6196,9311.063,1.0,8.0,1.22,281.8
023151.000,4458.6195,9311.063,1.0,8.0,1.22,281.8
023152.000,4458.6195,9311.063,1.0,8.0,1.22,281.8
023153.000,4458.6194,9311.0631,1.0,7.0,1.68,281.8
023154.000,4458.6193,9311.0632,1.0,7.0,1.68,281.8
023155.000,4458.6192,9311.0633,1.0,7.0,1.67,281.8
023156.000,4458.6191,9311.0634,1.0,7.0,1.67,281.8
023157.000,4458.619,9311.0636,1.0,7.0,1.67,281.8
023158.000,4458.619,9311.0637,1.0,7.0,1.67,281.8
023159.000,4458.6189,9311.0639,1.0,7.0,1.67,281.8
023200.000,4458.6187,9311.064,1.0,7.0,1.67,281.8
023201.000,4458.6187,9311.0642,1.0,7.0,1.67,281.9
023202.000,4458.6187,9311.0644,1.0,7.0,1.67,281.9
023203.000,4458.6188,9311.0645,1.0,7.0,1.67,281.8
023204.000,4458.6187,9311.0647,1.0,7.0,1.67,281.8
023205.000,4458.6187,9311.0649,1.0,7.0,1.67,281.8
023206.000,4458.6187,9311.065,1.0,7.0,1.67,281.8
023207.000,4458.6187,9311.0651,1.0,7.0,1.67,281.9
023208.000,4458.6186,9311.0652,1.0,7.0,1.67,281.9
023209.000,4458.6186,9311.0653,1.0,7.0,1.67,281.9
023210.000,4458.6186,9311.0654,1.0,7.0,1.67,281.9
023211.000,4458.6186,9311.0654,1.0,7.0,1.67,281.9
023212.000,4458.6186,9311.0654,1.0,7.0,1.67,281.9
023213.000,4458.6187,9311.0655,1.0,7.0,1.67,281.9
023214.000,4458.6188,9311.0655,1.0,7.0,2.08,281.9
023215.000,4458.6188,9311.0655,1.0,7.0,2.08,281.9
023216.000,4458.6189,9311.0655,1.0,7.0,2.08,281.9
023217.000,4458.619,9311.0655,1.0,7.0,1.67,281.9
023218.000,4458.619,9311.0655,1.0,7.0,2.08,281.9
023219.000,4458.6191,9311.0655,1.0,7.0,1.67,281.9
023220.000,4458.6192,9311.0654,1.0,7.0,1.67,281.9
023221.000,4458.6192,9311.0654,1.0,7.0,1.67,281.9
023222.000,4458.6193,9311.0653,1.0,7.0,2.08,281.9
023223.000,4458.6194,9311.0653,1.0,7.0,1.67,281.9
023224.000,4458.6195,9311.0652,1.0,8.0,1.22,281.9
023225.000,4458.6197,9311.0651,1.0,8.0,1.22,281.9
023226.000,4458.62,9311.0649,1.0,8.0,1.22,281.9
023227.000,4458.6202,9311.0647,1.0,8.0,1.22,281.9
023228.000,4458.6202,9311.0646,1.0,8.0,1.22,281.8
023229.000,4458.62,9311.0646,1.0,8.0,1.22,281.8
023230.000,4458.62,9311.0645,1.0,7.0,1.67,281.8
023231.000,4458.62,9311.0643,1.0,6.0,1.7,281.8
023232.000,4458.6201,9311.0639,1.0,6.0,1.7,281.8
023233.000,4458.6203,9311.0638,1.0,6.0,1.7,281.8
023234.000,4458.6202,9311.0634,1.0,6.0,1.7,281.8
023235.000,4458.6201,9311.063,1.0,6.0,1.38,281.7
023236.000,4458.62,9311.0627,1.0,6.0,1.38,281.7
023237.000,4458.6198,9311.0623,1.0,6.0,1.38,281.7
023238.000,4458.6197,9311.0618,1.0,6.0,1.38,281.7
023239.000,4458.6194,9311.0614,1.0,6.0,1.38,281.6
023240.000,4458.6193,9311.0611,1.0,6.0,1.38,281.6
023241.000,4458.6193,9311.0607,1.0,6.0,1.38,281.6
023242.000,4458.6194,9311.0603,1.0,6.0,1.38,281.6
023243.000,4458.6193,9311.0601,1.0,6.0,1.38,281.6
023244.000,4458.6193,9311.06,1.0,6.0,1.38,281.6
023245.000,4458.6193,9311.0598,1.0,6.0,1.38,281.6
023246.000,4458.6192,9311.0597,1.0,6.0,1.38,281.6
023247.000,4458.6192,9311.0595,1.0,6.0,1.38,281.6
023248.000,4458.6192,9311.0594,1.0,6.0,1.38,281.6
023249.000,4458.6192,9311.0592,1.0,6.0,1.97,281.6
023250.000,4458.6192,9311.0591,1.0,6.0,1.97,281.6
023251.000,4458.6192,9311.059,1.0,6.0,1.97,281.6
023252.000,4458.6192,9311.0589,1.0,6.0,1.97,281.6
023253.000,4458.6191,9311.0588,1.0,6.0,1.97,281.6
023254.000,4458.6191,9311.0587,1.0,6.0,1.97,281.6
023255.000,4458.6191,9311.0586,1.0,6.0,1.97,281.6
023256.000,4458.6191,9311.0584,1.0,6.0,1.97,281.6
023257.000,4458.619,9311.0583,1.0,6.0,1.97,281.6
023258.000,4458.619,9311.0582,1.0,6.0,1.97,281.6
023259.000,4458.6189,9311.0581,1.0,6.0,1.97,281.6
023300.000,4458.6189,9311.0581,1.0,6.0,1.97,281.6
023301.000,4458.6188,9311.058,1.0,6.0,1.97,281.6
023302.000,4458.6188,9311.058,1.0,6.0,1.97,281.6
023303.000,4458.6188,9311.058,1.0,6.0,1.97,281.6
023304.000,4458.6187,9311.0579,1.0,6.0,1.97,281.6
023305.000,4458.6187,9311.0578,1.0,7.0,1.66,281.6
023306.000,4458.6188,9311.0577,1.0,7.0,1.66,281.6
023307.000,4458.6188,9311.0577,1.0,7.0,1.66,281.6
023308.000,4458.6188,9311.0576,1.0,7.0,1.66,281.6
023309.000,4458.6188,9311.0575,1.0,8.0,1.07,281.6
023310.000,4458.6188,9311.0574,1.0,8.0,1.07,281.6
023311.000,4458.6187,9311.0574,1.0,8.0,1.07,281.6
023312.000,4458.6187,9311.0573,1.0,8.0,1.07,281.6
023313.000,4458.6187,9311.0572,1.0,8.0,1.07,281.6
023314.000,4458.6187,9311.0571,1.0,8.0,1.07,281.6
023315.000,4458.6187,9311.057,1.0,8.0,1.07,281.6
023316.000,4458.6187,9311.0569,1.0,8.0,1.07,281.6
023317.000,4458.6188,9311.0568,1.0,8.0,1.07,281.6
023318.000,4458.6188,9311.0567,1.0,8.0,1.07,281.6
023319.000,4458.6188,9311.0565,1.0,8.0,1.07,281.6
023320.000,4458.6188,9311.0563,1.0,8.0,1.07,281.6
023321.000,4458.6188,9311.0562,1.0,8.0,1.07,281.6
023322.000,4458.6189,9311.0559,1.0,8.0,1.07,281.6
023323.000,4458.6187,9311.0556,1.0,8.0,1.07,281.6
023324.000,4458.618,9311.0554,1.0,8.0,1.07,281.7
023325.000,4458.6174,9311.0557,1.0,8.0,1.07,281.7
023326.000,4458.6168,9311.0557,1.0,8.0,1.07,281.6
023327.000,4458.6165,9311.0558,1.0,8.0,1.07,281.5
023328.000,4458.6165,9311.0557,1.0,8.0,1.07,281.5
023329.000,4458.6164,9311.0556,1.0,8.0,1.07,281.5
023330.000,4458.6164,9311.0555,1.0,8.0,1.07,281.5
023331.000,4458.6163,9311.0555,1.0,8.0,1.07,281.5
023332.000,4458.6162,9311.0554,1.0,9.0,1.03,281.5
023333.000,4458.6162,9311.0554,1.0,8.0,1.07,281.5
023334.000,4458.6161,9311.0553,1.0,8.0,1.07,281.5
023335.000,4458.616,9311.0553,1.0,8.0,1.07,281.5
023336.000,4458.6158,9311.0553,1.0,8.0,1.07,281.5
023337.000,4458.6157,9311.0552,1.0,9.0,0.9,281.5
023338.000,4458.6156,9311.0552,1.0,8.0,1.07,281.5
023339.000,4458.6155,9311.0551,1.0,8.0,1.07,281.5
023340.000,4458.6153,9311.055,1.0,8.0,1.07,281.5
023341.000,4458.6152,9311.0549,1.0,8.0,1.07,281.5
023342.000,4458.6147,9311.0553,1.0,8.0,1.07,281.5
023343.000,4458.614,9311.0556,1.0,8.0,1.07,281.5
023344.000,4458.6134,9311.0558,1.0,8.0,1.07,281.4
023345.000,4458.6127,9311.0561,1.0,8.0,1.07,281.4
023346.000,4458.6122,9311.0561,1.0,8.0,1.07,281.4
023347.000,4458.6119,9311.0565,1.0,8.0,1.07,281.4
023348.000,4458.6121,9311.0565,1.0,8.0,1.07,281.4
023349.000,4458.6119,9311.0567,1.0,8.0,1.07,281.4
023350.000,4458.6121,9311.0567,1.0,8.0,1.07,281.4
023351.000,4458.612,9311.0566,1.0,8.0,1.07,281.4
023352.000,4458.6116,9311.057,1.0,8.0,1.07,281.4
023353.000,4458.611,9311.0572,1.0,8.0,1.07,281.5
023354.000,4458.6114,9311.0571,1.0,8.0,1.07,281.5
023355.000,4458.6113,9311.057,1.0,9.0,0.94,281.5
023356.000,4458.611,9311.0571,1.0,10.0,0.83,281.4
023357.000,4458.6108,9311.057,1.0,10.0,0.83,281.4
023358.000,4458.6103,9311.0569,1.0,10.0,0.83,281.4
023359.000,4458.6102,9311.057,1.0,10.0,0.83,281.3
023400.000,4458.6101,9311.0571,1.0,10.0,0.83,281.3
023401.000,4458.6101,9311.0569,1.0,10.0,0.83,281.3
023402.000,4458.6105,9311.0567,1.0,10.0,0.83,281.3
023403.000,4458.6106,9311.0566,1.0,10.0,0.83,281.3
023404.000,4458.6108,9311.0564,1.0,10.0,0.83,281.3
023405.000,4458.6109,9311.0566,1.0,10.0,0.83,281.4
023406.000,4458.6108,9311.0565,1.0,10.0,0.83,281.4
023407.000,4458.6107,9311.0565,1.0,11.0,0.8,281.4
023408.000,4458.6106,9311.0564,1.0,11.0,0.8,281.4
023409.000,4458.6105,9311.0563,1.0,11.0,0.8,281.4
023410.000,4458.6104,9311.0563,1.0,10.0,0.83,281.4
023411.000,4458.6103,9311.0562,1.0,10.0,0.83,281.4
023412.000,4458.6102,9311.0561,1.0,9.0,0.9,281.4
023413.000,4458.6102,9311.0561,1.0,10.0,0.86,281.4
023414.000,4458.6102,9311.056,1.0,10.0,0.86,281.4
023415.000,4458.6102,9311.0559,1.0,10.0,0.86,281.4
023416.000,4458.6102,9311.0559,1.0,10.0,0.86,281.4
023417.000,4458.6102,9311.0559,1.0,10.0,0.86,281.4
023418.000,4458.6102,9311.0559,1.0,10.0,0.86,281.4
023419.000,4458.6102,9311.0559,1.0,10.0,0.86,281.4
023420.000,4458.6102,9311.0559,1.0,10.0,0.89,281.4
023421.000,4458.6103,9311.0559,1.0,10.0,0.89,281.4
023422.000,4458.6104,9311.0558,1.0,10.0,0.89,281.4
023423.000,4458.6105,9311.0558,1.0,10.0,0.89,281.4
023424.000,4458.6106,9311.0558,1.0,10.0,0.89,281.4
023425.000,4458.6107,9311.0559,1.0,10.0,0.89,281.4
023426.000,4458.6108,9311.0559,1.0,10.0,0.89,281.4
023427.000,4458.6109,9311.0559,1.0,10.0,0.89,281.4
023428.000,4458.611,9311.056,1.0,10.0,0.86,281.4
023429.000,4458.6111,9311.056,1.0,10.0,0.89,281.4
023430.000,4458.6112,9311.056,1.0,10.0,0.89,281.4
023431.000,4458.6113,9311.0561,1.0,10.0,0.86,281.4
023432.000,4458.6114,9311.0561,1.0,9.0,1.04,281.4
023433.000,4458.6115,9311.0562,1.0,9.0,1.03,281.3
023434.000,4458.6116,9311.0562,1.0,9.0,1.03,281.3
023435.000,4458.6117,9311.0563,1.0,9.0,1.02,281.3
023436.000,4458.6118,9311.0564,1.0,9.0,1.03,281.3
023437.000,4458.6119,9311.0565,1.0,9.0,1.03,281.3
023438.000,4458.612,9311.0566,1.0,9.0,1.03,281.3
023439.000,4458.6121,9311.0567,1.0,9.0,1.03,281.3
023440.000,4458.6122,9311.0568,1.0,9.0,1.03,281.3
023441.000,4458.6123,9311.0569,1.0,8.0,1.07,281.3
023442.000,4458.6123,9311.0571,1.0,8.0,1.07,281.3
023443.000,4458.6124,9311.0572,1.0,8.0,1.07,281.3
023444.000,4458.6125,9311.0573,1.0,8.0,1.07,281.3
023445.000,4458.6126,9311.0574,1.0,8.0,1.07,281.3
023446.000,4458.6127,9311.0576,1.0,9.0,1.02,281.3
023447.000,4458.6128,9311.0577,1.0,9.0,1.02,281.3
023448.000,4458.6129,9311.0578,1.0,9.0,1.03,281.3
023449.000,4458.613,9311.0578,1.0,9.0,1.03,281.3
023450.000,4458.6131,9311.0578,1.0,9.0,1.04,281.3
023451.000,4458.6132,9311.0578,1.0,9.0,1.04,281.3
023452.000,4458.6132,9311.0578,1.0,9.0,1.02,281.3
023453.000,4458.6133,9311.0577,1.0,9.0,1.03,281.3
023454.000,4458.6134,9311.0576,1.0,9.0,1.02,281.3
023455.000,4458.6135,9311.0575,1.0,9.0,1.02,281.3
023456.000,4458.6136,9311.0573,1.0,8.0,1.12,281.3
023457.000,4458.6136,9311.0572,1.0,8.0,1.12,281.3
023458.000,4458.6137,9311.0571,1.0,8.0,1.12,281.3
023459.000,4458.6138,9311.057,1.0,8.0,1.12,281.3
023500.000,4458.6139,9311.057,1.0,8.0,1.12,281.3
023501.000,4458.614,9311.0569,1.0,9.0,1.02,281.3
023502.000,4458.6141,9311.0569,1.0,9.0,1.04,281.3
023503.000,4458.6142,9311.0569,1.0,9.0,1.04,281.3
023504.000,4458.6144,9311.0568,1.0,9.0,1.02,281.3
023505.000,4458.6145,9311.0568,1.0,9.0,1.04,281.3
023506.000,4458.6147,9311.0568,1.0,8.0,1.08,281.3
023507.000,4458.6148,9311.0568,1.0,8.0,1.08,281.3
023508.000,4458.615,9311.0568,1.0,8.0,1.08,281.3
023509.000,4458.6151,9311.0568,1.0,8.0,1.08,281.3
023510.000,4458.6152,9311.0568,1.0,8.0,1.08,281.3
023511.000,4458.6153,9311.0569,1.0,8.0,1.07,281.3
023512.000,4458.6154,9311.0569,1.0,8.0,1.07,281.3
023513.000,4458.6155,9311.057,1.0,8.0,1.08,281.3
023514.000,4458.6156,9311.057,1.0,8.0,1.07,281.3
023515.000,4458.6157,9311.057,1.0,8.0,1.07,281.3
023516.000,4458.6157,9311.0571,1.0,8.0,1.07,281.3
023517.000,4458.6158,9311.0572,1.0,8.0,1.07,281.3
023518.000,4458.6159,9311.0572,1.0,8.0,1.08,281.3
023519.000,4458.616,9311.0572,1.0,8.0,1.08,281.3
023520.000,4458.6161,9311.0573,1.0,8.0,1.08,281.3
023521.000,4458.6162,9311.0573,1.0,8.0,1.08,281.3
023522.000,4458.6163,9311.0573,1.0,9.0,0.93,281.3
023523.000,4458.6163,9311.0572,1.0,9.0,0.9,281.3
023524.000,4458.6164,9311.0572,1.0,9.0,0.9,281.3
023525.000,4458.6165,9311.0571,1.0,10.0,0.86,281.3
023526.000,4458.6166,9311.0571,1.0,10.0,0.86,281.3
023527.000,4458.6166,9311.057,1.0,10.0,0.86,281.3
023528.000,4458.6167,9311.057,1.0,10.0,0.89,281.3
023529.000,4458.6168,9311.057,1.0,10.0,0.89,281.3
023530.000,4458.6169,9311.057,1.0,10.0,0.89,281.3
023531.000,4458.6171,9311.057,1.0,10.0,0.89,281.3
023532.000,4458.6172,9311.057,1.0,10.0,0.89,281.3
023533.000,4458.6173,9311.057,1.0,10.0,0.89,281.3
023534.000,4458.6174,9311.057,1.0,10.0,0.89,281.3
023535.000,4458.6175,9311.057,1.0,10.0,0.89,281.3
023536.000,4458.6176,9311.057,1.0,10.0,0.89,281.3
023537.000,4458.6176,9311.057,1.0,9.0,1.04,281.3
023538.000,4458.6177,9311.057,1.0,9.0,1.04,281.3
023539.000,4458.6178,9311.0571,1.0,9.0,1.03,281.3
023540.000,4458.6179,9311.0571,1.0,10.0,0.86,281.3
023541.000,4458.618,9311.0572,1.0,10.0,0.86,281.3
023542.000,4458.6181,9311.0573,1.0,9.0,0.87,281.2
023543.000,4458.6182,9311.0573,1.0,9.0,0.87,281.2
023544.000,4458.6183,9311.0574,1.0,9.0,0.87,281.2
023545.000,4458.6183,9311.0574,1.0,9.0,0.87,281.2
023546.000,4458.6183,9311.0574,1.0,9.0,0.87,281.2
023547.000,4458.6183,9311.0574,1.0,9.0,0.87,281.2
023548.000,4458.6183,9311.0575,1.0,9.0,0.87,281.2
023549.000,4458.6183,9311.0575,1.0,9.0,0.87,281.2
023550.000,4458.6182,9311.0576,1.0,8.0,0.95,281.2
023551.000,4458.6182,9311.0576,1.0,8.0,0.95,281.2
023552.000,4458.6181,9311.0577,1.0,8.0,0.95,281.2
023553.000,4458.6181,9311.0578,1.0,7.0,1.61,281.2
023554.000,4458.6181,9311.0579,1.0,7.0,1.61,281.2
023555.000,4458.618,9311.058,1.0,8.0,0.95,281.2
023556.000,4458.618,9311.058,1.0,8.0,0.95,281.2
023557.000,4458.6179,9311.0581,1.0,8.0,0.95,281.2
023558.000,4458.6179,9311.0582,1.0,8.0,0.95,281.2
023559.000,4458.6178,9311.0583,1.0,8.0,0.95,281.2
023600.000,4458.6178,9311.0583,1.0,7.0,1.61,281.2
023601.000,4458.6178,9311.0584,1.0,7.0,1.61,281.2
023602.000,4458.6177,9311.0584,1.0,7.0,1.61,281.2
023603.000,4458.6177,9311.0585,1.0,7.0,1.61,281.2
023604.000,4458.6177,9311.0585,1.0,8.0,1.56,281.2
023605.000,4458.6177,9311.0585,1.0,8.0,1.56,281.2
023606.000,4458.6177,9311.0585,1.0,9.0,1.22,281.2
023607.000,4458.6178,9311.0585,1.0,9.0,1.21,281.2
023608.000,4458.6178,9311.0585,1.0,9.0,1.28,281.2
023609.000,4458.618,9311.0586,1.0,10.0,0.91,281.2
023610.000,4458.6181,9311.0586,1.0,10.0,0.92,281.2
023611.000,4458.6182,9311.0586,1.0,10.0,0.91,281.2
023612.000,4458.6183,9311.0587,1.0,10.0,0.91,281.2
023613.000,4458.6184,9311.0587,1.0,10.0,0.91,281.2
023614.000,4458.6185,9311.0587,1.0,9.0,1.02,281.2
023615.000,4458.6185,9311.0588,1.0,10.0,0.92,281.2
023616.000,4458.6186,9311.0588,1.0,10.0,0.91,281.2
023617.000,4458.6187,9311.0588,1.0,10.0,0.91,281.2
023618.000,4458.6188,9311.0588,1.0,9.0,1.04,281.2
023619.000,4458.6188,9311.0588,1.0,9.0,1.04,281.2
023620.000,4458.6189,9311.0587,1.0,9.0,1.02,281.2
023621.000,4458.6191,9311.0587,1.0,9.0,1.02,281.2
023622.000,4458.6192,9311.0586,1.0,9.0,1.02,281.2
023623.000,4458.6193,9311.0586,1.0,9.0,1.02,281.2
023624.000,4458.6194,9311.0585,1.0,8.0,1.07,281.2
023625.000,4458.6195,9311.0584,1.0,8.0,1.07,281.2
023626.000,4458.6195,9311.0583,1.0,9.0,1.02,281.2
023627.000,4458.6196,9311.0581,1.0,9.0,1.02,281.2
023628.000,4458.6196,9311.058,1.0,9.0,1.02,281.2
023629.000,4458.6197,9311.0578,1.0,9.0,1.02,281.2
023630.000,4458.6197,9311.0576,1.0,10.0,0.91,281.2
023631.000,4458.6197,9311.0574,1.0,9.0,0.93,281.2
023632.000,4458.6197,9311.0572,1.0,8.0,1.12,281.2
023633.000,4458.6197,9311.057,1.0,8.0,1.12,281.2
023634.000,4458.6198,9311.0568,1.0,8.0,1.12,281.2
023635.000,4458.62,9311.0566,1.0,7.0,1.16,281.2
023636.000,4458.6201,9311.0565,1.0,8.0,1.12,281.1
023637.000,4458.6199,9311.0564,1.0,7.0,1.16,281.1
023638.000,4458.6197,9311.0564,1.0,8.0,1.12,281.1
023639.000,4458.6193,9311.0562,1.0,8.0,1.12,281.1
023640.000,4458.6191,9311.0559,1.0,8.0,1.12,281.1
023641.000,4458.6191,9311.0557,1.0,8.0,1.12,281.1
023642.000,4458.6191,9311.0555,1.0,8.0,1.12,281.1
023643.000,4458.6191,9311.0553,1.0,7.0,1.16,281.1
023644.000,4458.6189,9311.0548,1.0,8.0,1.12,281.1
023645.000,4458.6189,9311.0549,1.0,8.0,1.12,281.1
023646.000,4458.6189,9311.0549,1.0,8.0,1.12,281.1
023647.000,4458.6186,9311.0547,1.0,7.0,1.18,281.1
023648.000,4458.6186,9311.0547,1.0,7.0,1.18,281.1
023649.000,4458.6186,9311.0545,1.0,7.0,1.18,281.1
023650.000,4458.6186,9311.0543,1.0,7.0,1.18,281.1
023651.000,4458.6186,9311.0542,1.0,7.0,1.18,281.1
023652.000,4458.6187,9311.054,1.0,7.0,1.18,281.1
023653.000,4458.6187,9311.0539,1.0,7.0,1.18,281.1
023654.000,4458.6187,9311.0537,1.0,7.0,1.18,281.1
023655.000,4458.6187,9311.0536,1.0,7.0,1.18,281.1
023656.000,4458.6187,9311.0534,1.0,7.0,1.18,281.1
023657.000,4458.6187,9311.0533,1.0,7.0,1.18,281.1
023658.000,4458.6187,9311.0532,1.0,7.0,1.18,281.1
023659.000,4458.6188,9311.0532,1.0,7.0,1.18,281.1
023700.000,4458.6188,9311.0531,1.0,7.0,1.18,281.1
023701.000,4458.6188,9311.0531,1.0,7.0,1.18,281.1
023702.000,4458.6189,9311.0531,1.0,7.0,1.18,281.1
023703.000,4458.6189,9311.0531,1.0,7.0,1.23,281.1
023704.000,4458.6189,9311.0531,1.0,7.0,1.18,281.1
023705.000,4458.6189,9311.0531,1.0,7.0,1.18,281.1
023706.000,4458.6188,9311.0531,1.0,6.0,1.34,281.1
023707.000,4458.6188,9311.0531,1.0,7.0,1.18,281.1
023708.000,4458.6187,9311.0531,1.0,7.0,1.18,281.1
023709.000,4458.6187,9311.0531,1.0,7.0,1.18,281.1
023710.000,4458.6186,9311.0532,1.0,6.0,1.34,281.1
023711.000,4458.6185,9311.0533,1.0,7.0,1.18,281.1
023712.000,4458.6184,9311.0535,1.0,7.0,1.18,281.1
023713.000,4458.6184,9311.0536,1.0,7.0,1.18,281.1
023714.000,4458.6182,9311.0537,1.0,7.0,1.18,281.1
023715.000,4458.6181,9311.0538,1.0,7.0,1.18,281.1
023716.000,4458.6179,9311.0538,1.0,6.0,1.34,281.1
023717.000,4458.6178,9311.0538,1.0,7.0,1.18,281.1
023718.000,4458.6175,9311.0541,1.0,6.0,1.34,281.1
023719.000,4458.6172,9311.0543,1.0,7.0,1.18,281.1
023720.000,4458.617,9311.0546,1.0,7.0,1.18,281.0
023721.000,4458.6167,9311.0549,1.0,7.0,1.18,281.0
023722.000,4458.6165,9311.0553,1.0,7.0,1.18,281.0
023723.000,4458.6158,9311.0553,1.0,7.0,1.18,280.9
023724.000,4458.6156,9311.0553,1.0,7.0,1.18,280.9
023725.000,4458.615,9311.0555,1.0,6.0,1.34,280.9
023726.000,4458.6142,9311.0554,1.0,7.0,1.18,280.9
023727.000,4458.6135,9311.0553,1.0,7.0,1.18,280.8
023728.000,4458.6128,9311.0555,1.0,7.0,1.18,280.8
023729.000,4458.6126,9311.0556,1.0,7.0,1.18,280.8
023730.000,4458.6123,9311.0559,1.0,6.0,1.34,280.7
023731.000,4458.6123,9311.0561,1.0,7.0,1.18,280.7
023732.000,4458.6121,9311.0563,1.0,7.0,1.18,280.6
023733.000,4458.6119,9311.0564,1.0,7.0,1.18,280.6
023734.000,4458.6119,9311.0562,1.0,8.0,1.07,280.6
023735.000,4458.6118,9311.0562,1.0,8.0,1.07,280.6
023736.000,4458.6116,9311.0561,1.0,8.0,1.06,280.6
023737.000,4458.6115,9311.056,1.0,8.0,1.07,280.6
023738.000,4458.6114,9311.0559,1.0,8.0,1.06,280.6
023739.000,4458.6113,9311.0558,1.0,8.0,1.07,280.6
023740.000,4458.6112,9311.0556,1.0,8.0,1.06,280.6
023741.000,4458.6111,9311.0555,1.0,8.0,1.06,280.6
023742.000,4458.611,9311.0554,1.0,8.0,1.07,280.6
023743.000,4458.6109,9311.0553,1.0,8.0,1.07,280.6
023744.000,4458.6108,9311.0552,1.0,8.0,1.06,280.6
023745.000,4458.6108,9311.0551,1.0,8.0,1.06,280.6
023746.000,4458.6107,9311.0547,1.0,8.0,1.07,280.6
023747.000,4458.6104,9311.0548,1.0,7.0,1.18,280.6
023748.000,4458.6103,9311.0547,1.0,8.0,1.06,280.6
023749.000,4458.61,9311.0546,1.0,7.0,1.18,280.6
023750.000,4458.6098,9311.0546,1.0,8.0,1.06,280.6
023751.000,4458.6097,9311.0545,1.0,8.0,1.07,280.6
023752.000,4458.6096,9311.0543,1.0,8.0,1.06,280.6
023753.000,4458.6095,9311.0542,1.0,8.0,1.07,280.6
023754.000,4458.6095,9311.0541,1.0,8.0,1.06,280.6
023755.000,4458.6094,9311.054,1.0,8.0,1.07,280.6
023756.000,4458.6094,9311.054,1.0,8.0,1.06,280.6
023757.000,4458.6093,9311.054,1.0,8.0,1.06,280.6
023758.000,4458.6092,9311.0539,1.0,8.0,1.06,280.6
023759.000,4458.6091,9311.0539,1.0,8.0,1.06,280.6
023800.000,4458.6091,9311.054,1.0,8.0,1.06,280.6
023801.000,4458.609,9311.054,1.0,7.0,1.17,280.6
023802.000,4458.609,9311.0541,1.0,7.0,1.17,280.6
023803.000,4458.609,9311.0541,1.0,7.0,1.17,280.6
023804.000,4458.609,9311.0542,1.0,7.0,1.17,280.6
023805.000,4458.609,9311.0542,1.0,7.0,1.17,280.6
023806.000,4458.609,9311.0541,1.0,7.0,1.17,280.6
023807.000,4458.609,9311.0541,1.0,7.0,1.18,280.6
023808.000,4458.6091,9311.0541,1.0,7.0,1.17,280.6
023809.000,4458.6091,9311.0541,1.0,7.0,1.18,280.6
023810.000,4458.6092,9311.0542,1.0,7.0,1.17,280.6
023811.000,4458.6093,9311.0543,1.0,7.0,1.17,280.6
023812.000,4458.6093,9311.0542,1.0,7.0,1.18,280.6
023813.000,4458.6094,9311.0542,1.0,7.0,1.17,280.6
023814.000,4458.6094,9311.0542,1.0,7.0,1.17,280.6
023815.000,4458.6095,9311.0543,1.0,7.0,1.18,280.6
023816.000,4458.6097,9311.0543,1.0,8.0,1.07,280.6
023817.000,4458.6098,9311.0544,1.0,7.0,1.18,280.6
023818.000,4458.61,9311.0545,1.0,7.0,1.18,280.6
023819.000,4458.611,9311.056,1.0,7.0,1.18,280.7
023820.000,4458.6122,9311.057,1.0,7.0,1.18,280.9
023821.000,4458.6136,9311.0583,1.0,7.0,1.18,281.0
023822.000,4458.6139,9311.0593,1.0,7.0,1.18,281.1
023823.000,4458.6145,9311.0595,1.0,7.0,1.18,281.2
023824.000,4458.6147,9311.0605,1.0,7.0,1.18,281.3
023825.000,4458.6155,9311.0608,1.0,7.0,1.18,281.3
023826.000,4458.6165,9311.0612,1.0,7.0,1.18,281.3
023827.000,4458.6177,9311.0612,1.0,7.0,1.18,281.3
023828.000,4458.6179,9311.062,1.0,8.0,1.07,281.4
023829.000,4458.6188,9311.0623,1.0,8.0,1.07,281.4
023830.000,4458.6197,9311.0625,1.0,8.0,1.07,281.4
023831.000,4458.6203,9311.0625,1.0,8.0,1.07,281.4
023832.000,4458.6208,9311.0626,1.0,9.0,0.94,281.4
023833.000,4458.6217,9311.0628,1.0,9.0,0.94,281.4
023834.000,4458.6219,9311.0629,1.0,9.0,0.94,281.3
023835.000,4458.622,9311.0629,1.0,9.0,1.05,281.3
023836.000,4458.6221,9311.0629,1.0,9.0,1.05,281.3
023837.000,4458.6223,9311.0629,1.0,9.0,1.05,281.3
023838.000,4458.6224,9311.0629,1.0,9.0,1.05,281.3
023839.000,4458.6226,9311.063,1.0,9.0,1.05,281.3
023840.000,4458.6227,9311.063,1.0,9.0,1.05,281.3
023841.000,4458.623,9311.0632,1.0,9.0,0.94,281.3
023842.000,4458.6227,9311.0633,1.0,9.0,0.94,281.3
023843.000,4458.6224,9311.0634,1.0,9.0,0.94,281.4
023844.000,4458.6228,9311.0631,1.0,9.0,0.94,281.4
023845.000,4458.6228,9311.0631,1.0,9.0,0.94,281.4
023846.000,4458.6228,9311.063,1.0,9.0,0.94,281.4
023847.000,4458.6228,9311.063,1.0,9.0,0.94,281.4
023848.000,4458.6228,9311.0629,1.0,9.0,0.94,281.4
023849.000,4458.6228,9311.0628,1.0,9.0,0.94,281.4
023850.000,4458.6228,9311.0627,1.0,9.0,0.94,281.4
023851.000,4458.6227,9311.0626,1.0,9.0,0.94,281.4
023852.000,4458.6227,9311.0626,1.0,8.0,1.07,281.4
023853.000,4458.6227,9311.0625,1.0,8.0,1.07,281.4
023854.000,4458.6227,9311.0625,1.0,8.0,1.07,281.4
023855.000,4458.6227,9311.0625,1.0,8.0,1.07,281.4
023856.000,4458.6226,9311.0625,1.0,8.0,1.07,281.4
023857.000,4458.6226,9311.0625,1.0,8.0,1.07,281.4
023858.000,4458.6225,9311.0625,1.0,8.0,1.07,281.4
023859.000,4458.6224,9311.0625,1.0,8.0,1.07,281.4
023900.000,4458.6224,9311.0626,1.0,8.0,1.07,281.4
023901.000,4458.6223,9311.0626,1.0,9.0,0.94,281.4
023902.000,4458.6222,9311.0627,1.0,9.0,0.94,281.4
023903.000,4458.6221,9311.0627,1.0,9.0,0.94,281.4
023904.000,4458.622,9311.0628,1.0,9.0,0.94,281.4
023905.000,4458.6219,9311.0628,1.0,9.0,0.94,281.4
023906.000,4458.6218,9311.0629,1.0,9.0,0.94,281.4
023907.000,4458.6217,9311.0629,1.0,9.0,0.94,281.4
023908.000,4458.6216,9311.063,1.0,9.0,0.94,281.4
023909.000,4458.6216,9311.063,1.0,9.0,0.94,281.4
023910.000,4458.6215,9311.063,1.0,9.0,0.94,281.4
023911.000,4458.6214,9311.0631,1.0,9.0,0.94,281.4
023912.000,4458.6214,9311.063,1.0,9.0,0.94,281.4
023913.000,4458.6213,9311.063,1.0,9.0,0.94,281.4
023914.000,4458.6213,9311.063,1.0,9.0,0.94,281.4
023915.000,4458.6213,9311.0629,1.0,9.0,0.94,281.4
023916.000,4458.6212,9311.0629,1.0,9.0,0.94,281.4
023917.000,4458.6212,9311.0629,1.0,9.0,0.94,281.4
023918.000,4458.6212,9311.0628,1.0,9.0,0.94,281.4
023919.000,4458.6212,9311.0627,1.0,9.0,0.94,281.4
023920.000,4458.6212,9311.0626,1.0,9.0,0.94,281.4
023921.000,4458.6211,9311.0625,1.0,8.0,1.05,281.4
023922.000,4458.6211,9311.0623,1.0,8.0,1.05,281.4
023923.000,4458.6211,9311.0621,1.0,9.0,0.94,281.4
023924.000,4458.6211,9311.062,1.0,9.0,0.94,281.4
023925.000,4458.6211,9311.0618,1.0,9.0,0.94,281.4
023926.000,4458.6211,9311.0616,1.0,8.0,0.99,281.4
023927.000,4458.6211,9311.0615,1.0,8.0,0.99,281.4
023928.000,4458.6211,9311.0613,1.0,8.0,0.99,281.4
023929.000,4458.6211,9311.0612,1.0,8.0,0.99,281.4
023930.000,4458.6211,9311.061,1.0,8.0,0.99,281.4
023931.000,4458.6211,9311.0609,1.0,8.0,0.99,281.4
023932.000,4458.6211,9311.0608,1.0,8.0,0.99,281.4
023933.000,4458.6212,9311.0607,1.0,8.0,0.99,281.4
023934.000,4458.6212,9311.0606,1.0,8.0,0.99,281.4
023935.000,4458.6213,9311.0605,1.0,8.0,0.99,281.4
023936.000,4458.6213,9311.0604,1.0,8.0,0.99,281.4
023937.000,4458.6213,9311.0602,1.0,8.0,0.99,281.4
023938.000,4458.6214,9311.06,1.0,8.0,0.99,281.4
023939.000,4458.6214,9311.0599,1.0,8.0,0.99,281.4
023940.000,4458.6215,9311.0597,1.0,8.0,0.99,281.4
023941.000,4458.6215,9311.0595,1.0,8.0,0.99,281.4
023942.000,4458.6215,9311.0593,1.0,8.0,0.99,281.4
023943.000,4458.6217,9311.0589,1.0,8.0,0.99,281.4
023944.000,4458.622,9311.0583,1.0,8.0,0.99,281.3
023945.000,4458.6221,9311.058,1.0,8.0,0.99,281.3
023946.000,4458.6222,9311.0578,1.0,7.0,1.17,281.3
023947.000,4458.6221,9311.0575,1.0,7.0,1.17,281.3
023948.000,4458.6223,9311.0573,1.0,7.0,1.17,281.3
023949.000,4458.6226,9311.0574,1.0,7.0,1.17,281.3
023950.000,4458.623,9311.058,1.0,7.0,1.17,281.3
023951.000,4458.6234,9311.0586,1.0,8.0,0.99,281.2
023952.000,4458.6235,9311.0585,1.0,8.0,0.99,281.2
023953.000,4458.6236,9311.0584,1.0,8.0,0.99,281.2
023954.000,4458.6237,9311.0583,1.0,8.0,0.99,281.2
023955.000,4458.6237,9311.0582,1.0,8.0,0.99,281.2
023956.000,4458.6238,9311.0581,1.0,8.0,0.99,281.2
023957.000,4458.6239,9311.0579,1.0,8.0,0.99,281.2
023958.000,4458.624,9311.0579,1.0,8.0,0.99,281.2
023959.000,4458.6241,9311.0578,1.0,8.0,0.99,281.2
024000.000,4458.6242,9311.0576,1.0,8.0,0.99,281.2
024001.000,4458.6242,9311.0575,1.0,8.0,0.99,281.2
024002.000,4458.6243,9311.0574,1.0,8.0,0.99,281.2
024003.000,4458.6244,9311.0573,1.0,8.0,0.99,281.2
024004.000,4458.6245,9311.0573,1.0,8.0,0.99,281.2
024005.000,4458.6246,9311.0572,1.0,8.0,0.99,281.2
024006.000,4458.6247,9311.0571,1.0,8.0,0.99,281.2
024007.000,4458.6248,9311.0571,1.0,8.0,0.99,281.2
024008.000,4458.6249,9311.057,1.0,8.0,0.99,281.2
024009.000,4458.625,9311.057,1.0,8.0,0.99,281.2
024010.000,4458.6251,9311.0569,1.0,7.0,1.17,281.2
024011.000,4458.6252,9311.0569,1.0,8.0,0.99,281.2
024012.000,4458.6253,9311.0569,1.0,8.0,1.1,281.2
024013.000,4458.6254,9311.0569,1.0,7.0,1.38,281.2
024014.000,4458.6255,9311.0569,1.0,7.0,1.38,281.2
024015.000,4458.6256,9311.0569,1.0,7.0,1.38,281.2
024016.000,4458.6257,9311.0568,1.0,7.0,1.17,281.2
024017.000,4458.6257,9311.0568,1.0,7.0,1.17,281.2
024018.000,4458.6258,9311.0567,1.0,7.0,1.17,281.2
024019.000,4458.6258,9311.0567,1.0,7.0,1.17,281.2
024020.000,4458.6259,9311.0567,1.0,7.0,1.17,281.2
024021.000,4458.626,9311.0567,1.0,7.0,1.38,281.2
024022.000,4458.626,9311.0567,1.0,8.0,1.1,281.2
024023.000,4458.6261,9311.0568,1.0,8.0,0.99,281.2
024024.000,4458.6262,9311.0569,1.0,8.0,0.99,281.2
024025.000,4458.6262,9311.0569,1.0,8.0,0.99,281.2
024026.000,4458.6263,9311.057,1.0,7.0,1.17,281.2
024027.000,4458.6264,9311.0571,1.0,7.0,1.17,281.2
024028.000,4458.6265,9311.0572,1.0,6.0,1.34,281.2
024029.000,4458.6266,9311.0572,1.0,6.0,1.33,281.2
024030.000,4458.6267,9311.0574,1.0,6.0,1.5,281.2
024031.000,4458.6268,9311.0575,1.0,8.0,0.99,281.2
024032.000,4458.627,9311.0577,1.0,9.0,0.9,281.2
024033.000,4458.6272,9311.0603,1.0,8.0,1.06,281.2
024034.000,4458.6276,9311.0606,1.0,8.0,1.06,281.2
024035.000,4458.6278,9311.0609,1.0,8.0,1.06,281.2
024036.000,4458.6278,9311.0613,1.0,8.0,1.06,281.2
024037.000,4458.6281,9311.0616,1.0,8.0,1.06,281.2
024038.000,4458.6288,9311.0623,1.0,8.0,1.06,281.2
024039.000,4458.6289,9311.0628,1.0,8.0,1.06,281.1
024040.000,4458.629,9311.0631,1.0,8.0,1.06,281.0
024041.000,4458.6292,9311.064,1.0,8.0,1.06,281.0
024042.000,4458.6297,9311.0641,1.0,8.0,1.06,281.0
024043.000,4458.6302,9311.0644,1.0,8.0,1.07,281.0
024044.000,4458.6301,9311.0653,1.0,9.0,0.94,281.0
024045.000,4458.6303,9311.0654,1.0,9.0,0.94,281.0
024046.000,4458.6305,9311.0652,1.0,9.0,0.94,281.0
024047.000,4458.6305,9311.0658,1.0,8.0,0.99,281.0
024048.000,4458.6306,9311.0664,1.0,8.0,0.99,281.0
024049.000,4458.6306,9311.0669,1.0,8.0,0.99,281.0
024050.000,4458.631,9311.0668,1.0,8.0,0.99,281.0
024051.000,4458.6314,9311.0668,1.0,8.0,0.99,281.0
024052.000,4458.6316,9311.0667,1.0,8.0,0.99,281.0
024053.000,4458.6318,9311.0668,1.0,8.0,0.98,280.9
024054.000,4458.6318,9311.0675,1.0,8.0,0.99,280.8
024055.000,4458.6319,9311.0677,1.0,8.0,0.99,280.7
024056.000,4458.632,9311.0678,1.0,8.0,0.99,280.7
024057.000,4458.6321,9311.0682,1.0,8.0,0.99,280.6
024058.000,4458.6323,9311.0683,1.0,8.0,0.98,280.6
024059.000,4458.6322,9311.0682,1.0,8.0,0.99,280.6
024100.000,4458.6322,9311.0682,1.0,8.0,0.99,280.6
024101.000,4458.6321,9311.0682,1.0,8.0,0.99,280.6
024102.000,4458.6321,9311.0682,1.0,8.0,0.99,280.5
024103.000,4458.6322,9311.0682,1.0,8.0,0.99,280.5
024104.000,4458.6323,9311.0683,1.0,8.0,0.99,280.5
024105.000,4458.6324,9311.0683,1.0,8.0,0.99,280.5
024106.000,4458.6325,9311.0683,1.0,8.0,0.98,280.5
024107.000,4458.6325,9311.0684,1.0,8.0,0.98,280.5
024108.000,4458.6326,9311.0684,1.0,7.0,1.27,280.5
024109.000,4458.6326,9311.0685,1.0,8.0,0.98,280.5
024110.000,4458.6326,9311.0685,1.0,7.0,1.27,280.5
024111.000,4458.6326,9311.0685,1.0,7.0,1.27,280.5
024112.000,4458.6325,9311.0686,1.0,7.0,1.27,280.5
024113.000,4458.6325,9311.0686,1.0,7.0,1.27,280.5
024114.000,4458.6324,9311.0686,1.0,7.0,1.27,280.5
024115.000,4458.6324,9311.0686,1.0,8.0,0.98,280.5
024116.000,4458.6324,9311.0686,1.0,9.0,0.94,280.5
024117.000,4458.6324,9311.0686,1.0,9.0,0.94,280.5
024118.000,4458.6323,9311.0686,1.0,9.0,0.94,280.5
024119.000,4458.6323,9311.0686,1.0,9.0,0.94,280.5
024120.000,4458.6322,9311.0686,1.0,9.0,0.94,280.5
024121.000,4458.6321,9311.0687,1.0,8.0,1.24,280.5
024122.000,4458.632,9311.0686,1.0,8.0,1.24,280.5
024123.000,4458.6319,9311.0686,1.0,8.0,1.24,280.5
024124.000,4458.6318,9311.0685,1.0,8.0,1.24,280.5
024125.000,4458.6317,9311.0684,1.0,8.0,1.24,280.5
024126.000,4458.6316,9311.0683,1.0,8.0,1.24,280.5
024127.000,4458.6314,9311.0681,1.0,8.0,1.24,280.5
024128.000,4458.6293,9311.0682,1.0,8.0,1.24,280.5
024129.000,4458.6279,9311.0676,1.0,8.0,1.24,280.5
024130.000,4458.6268,9311.0673,1.0,8.0,1.24,280.5
024131.000,4458.6259,9311.0668,1.0,7.0,1.58,280.5
024132.000,4458.625,9311.0667,1.0,8.0,1.24,280.5
024133.000,4458.6243,9311.0668,1.0,8.0,1.24,280.5
024134.000,4458.6234,9311.0672,1.0,6.0,1.77,280.7
024135.000,4458.6226,9311.0674,1.0,6.0,1.77,280.8
024136.000,4458.6219,9311.0675,1.0,6.0,1.77,280.9
024137.000,4458.6217,9311.0674,1.0,6.0,1.77,281.0
024138.000,4458.621,9311.0677,1.0,6.0,1.77,281.1
024139.000,4458.6203,9311.068,1.0,6.0,1.77,281.2
024140.000,4458.6197,9311.0681,1.0,6.0,1.77,281.2
024141.000,4458.6192,9311.068,1.0,6.0,1.77,281.3
024142.000,4458.6186,9311.0678,1.0,6.0,1.77,281.3
024143.000,4458.6183,9311.0677,1.0,6.0,1.77,281.3
024144.000,4458.6183,9311.0674,1.0,6.0,1.77,281.3
024145.000,4458.6181,9311.0673,1.0,6.0,1.77,281.3
024146.000,4458.6179,9311.0673,1.0,6.0,1.77,281.3
024147.000,4458.6175,9311.0673,1.0,6.0,1.77,281.3
024148.000,4458.6172,9311.0672,1.0,6.0,1.77,281.4
024149.000,4458.6172,9311.0669,1.0,6.0,1.77,281.4
024150.000,4458.6172,9311.0667,1.0,6.0,1.77,281.4
024151.000,4458.6171,9311.0664,1.0,6.0,1.77,281.4
024152.000,4458.617,9311.066,1.0,6.0,1.77,281.4
024153.000,4458.6169,9311.0657,1.0,6.0,1.77,281.4
024154.000,4458.6167,9311.0654,1.0,6.0,1.77,281.4
024155.000,4458.6166,9311.0651,1.0,6.0,1.76,281.4
024156.000,4458.6164,9311.0649,1.0,7.0,1.17,281.4
024157.000,4458.6161,9311.0646,1.0,7.0,1.17,281.4
024158.000,4458.6163,9311.0642,1.0,7.0,1.17,281.4
024159.000,4458.6164,9311.064,1.0,8.0,1.06,281.4
